0
0
0
0
0
0
0
0
0
0
0
0
0
0
0
0
0
0
0
0
0
0
0
0
0
0
0
0
0
0
0
0
0
0
0
0
0
0
0
0
0
0
0
0
0
0
0
0
0
0
0
0
0
0
0
0
0
0
0
0
0
0
0
0
0
0
0
0
0
0
0
0
0
0
0
0
0
0
0
0
0
0
0
0
0
0
0
0
0
0
0
0
0
0
0
0
0
0
0
0
0
0
0
0
0
0
0
0
0
0
0
0
0
0
0
0
0
0
0
0
0
0
0
0
0
0
0
0
0
0
0
0
0
0
0
0
0
0
0
0
0
0
0
0
0
0
0
0
0
0
0
0
0
0
0
0
0
0
0
0
0
0
0
0
0
0
0
0
0
0
0
0
0
0
0
0
0
0
0
0
0
0
0
0
0
0
0
0
0
0
0
0
0
0
0
0
0
0
0
0
0
0
0
0
0
0
0
0
0
0
0
0
0
0
0
0
0
0
0
0
0
0
0
0
0
0
0
0
0
0
0
0
0
0
0
0
0
0
0
0
0
0
0
1.0
1.0
1.0
0
0.33546846443967715
0.15633024813058694
0.2324608997509555
0.07701687574298335
0.07584150637714708
0.20260410598005973
0.07360348308562405
0.45290813306441735
0.48229582602886356
0.06507307495461
0.4805771817286133
0.124527662508978
0.4508160195302732
0.4414324494876012
0.3038567553838886
0.09478874456570671
0.117240686607541
0.029794662748215753
0.6020883271200799
0.09663888221368248
0.07490543850983433
0.026644044055306983
0.053277801502700006
0.047309968420241356
0.05209171901795576
0.025878214280202958
0.02515798777689061
0.024735664911503773
0.023461855377690657
0.023323821766101486
0
0.02318751233563804
0.023052894210752076
0.02309758099065538
0
0.045310696805226716
0.022155332362719687
0.021636091422947257
0.03755879586328623
0.020358875256176925
0.11449828971340509
0.01982694610029531
0.01973049005569034
0.019635029847100353
0.035526692072358465
0
0
0
0
0.2502242617280093
0.038041212336940355
0
0
0
0
0
0
0
0
0
0
0
0
0
0
0
0
0
0
0
0
0
0
0
0
0
0
0
0
0
0
0
0
0
0
0
0
0
0
0
0
0
0
0
0
0
0
0
0
0
0
0
0
0
0
0
0
0
0
0
0
0
0
0
0
0
0
0
0
0
0.018285451152098547
0.01825829938932978
0.03651233224047973
0.3354826516116936
0.018177357400800943
0.01815054646081682
0.018123819700448685
0.018044140459133478
0.01775826174691168
0.01775826174691168
0
0
0
0.017481868576240414
0
0
0.017334935614421804
0
0.034714687027277966
0.01728654089741524
0
0
0
0.2045768591665834
0.031087561676958704
0.01773275050152516
0
0
0.033861522749071386
0
0
0
0
0
0
0
0
0
0
0.01641875681765713
0
0
0
0
0
0
0
0
0
0.01633276774893347
0
0
0
0
0.01633276774893347
0
0
0
0
0
0
0
0
0
0
0
0.01597776128973744
0.015998188858655345
0
0
0.22751161016503502
0.01597776128973744
0.029006880650810123
0
0
0
0
0
0.01595738919332986
0
0
0
0.01595738919332986
0
0
0
0.01597776128973744
0
0
0
0
0
0
0
0
0
0
0
0
0
0
0
0
0
0
0
0
0.015998188858655345
0.015998188858655345
0
0
0
0.016018672132224805
0
0
0
0
0.05223891652515417
0.01603921134389958
0
0
0
0
0
0
0
0
0.1923103875732936
0
0.1923103875732936
0
0
0
0
0
0
0.26486021088237804
0
0
0.11110832175802124
0
0
0.213942675177571
0
0
0
0
0
0.016018672132224805
0
0
0
0.09261033076977179
0
0.04102308706283117
0
0
0.041074286911020275
0
0
0.0733337348515794
0
0
0
0.016059806728456114
0
0.016059806728456114
0
0
0
0
0
0
0
0.01603921134389958
0.22296407953685912
0
0
0
0
0
0.228538143953528
0
0
0
0
0
0
0
0
0.20746790852802602
0
0
0
0
0
0.19275228003424244
0
0
0
0
0
0.12877467732589762
0
0
0.278016078948622
0.029190377461788847
0
0
0.016059806728456114
0
0
0
0
0.2882847257954735
0
0
0
0
0
0.7456029471517172
0
0
0.09294603864556675
0
0.016080458522001788
0.22178068598513934
0
0
0.045264470187313714
0
0
0.016080458522001788
0
0
0.08333974721372575
0
0
0.05732029708981062
0
0
0
0
0
0
0
0
0.22152955814836148
0
0
0.10215803640865039
0
0
0
0
0
0.12877467732589762
0
0
0.016059806728456114
0
0
0
0
0
0.03207526096181066
0.01603921134389958
0
0.23597077922791931
0
0
0.03207526096181066
0
0
0.01603921134389958
0
0
0
0.14489961753310665
0
0
0.1195384340861499
0.01597776128973744
0
0.044978369654515855
0
0
0.01595738919332986
0
0
0
0
0
0
0
0.26352861538999345
0
0
0
0.028934171679952426
0
0
0.11939726873454357
0
0
0.015937072338595128
0
0
0.06260623118212481
0
0
0
0
0.015937072338595128
0.01595738919332986
0
0
0.10130722743220147
0
0
0.19099798004451646
0
0
0.028934171679952426
0.015937072338595128
0
0
0
0
0.015916810495989964
0.20732726033174095
0
0
0
0
0.015916810495989964
0
0
0.10794846645416746
0
0
0.015937072338595128
0
0
0
0
0
0.040819652463459435
0.015937072338595128
0
0
0
0
0.08263711580799502
0
0
0.015937072338595128
0
0.18374933447050545
0
0
0
0
0
0.015937072338595128
0
0
0
0.2785261902950399
0.04087030751647193
0
0.07285464197855197
0.19962641560089303
0
0.12635553701337232
0
0
0.7979440783087126
0.028934171679952426
0
0.23388044347474268
0.015937072338595128
0.191215344907326
0.22003586150828525
0.19962641560089303
0
0.06260623118212481
0
0
0.01595738919332986
0
0
0.19143325481419343
0.11058084476988708
0
0.11939726873454357
0.031911653775288276
0
0.04087030751647193
0
0
0.01595738919332986
0
0
0.11064522567938723
0.01595738919332986
0
0
0.01595738919332986
0
0.11058084476988708
0
0
0.01595738919332986
0
0.028970477304700044
0.3286113516164211
0
0
0
0
0
0.028970477304700044
0
0.12801738116517128
0.22949474783910057
0.029006880650810123
0
0.029006880650810123
0.18438134454381555
0
0.03199323463080324
0
0
0.07351332842243423
0
0
0
0
0
0.1460942501201363
0
0
0.01612193228720797
0
0.05282677388968397
0
0.01620556726429443
0
0.041488887967240005
0
0.01620556726429443
0.032365915678653524
0.04143657108746383
0
0.7017219223088245
0
0
0
0
0
0
0
0
0.041488887967240005
0.01620556726429443
0
0.13840386658470125
0
0
0.1865230315655657
0
0.8229274844491257
0.045612971054311065
0
0
0.029451492851171084
0
0
0.11920080724834901
0
0
0.12850937400566972
0.2235563270628791
0
0.016226620645663548
0
0
0
0
0
0.20266623165868555
0
0
0.10013521185033716
0
0
0.312227191372083
0.1863064022846462
0.01620556726429443
0.2132714072059781
0
0
0.01620556726429443
0
0.01620556726429443
0.01620556726429443
0.8141668349243325
0
0.016226620645663548
0
0
0.10289979015533357
0.20865931215241312
0
0.01618457198276597
0
0
0.2314755201667056
0
0
0.129387603504267
0
0
0.20062232431271465
0.19319641317100758
0.01612193228720797
0.17800689613931447
0.19319641317100758
0
0.029264474592390774
0
0
0.04128046811908642
0
0
0.01610116696198585
0
0
0
0
0
0.18523150089449886
0
0
0.18523150089449886
0
0
0.20125070606142215
0
0
0.04122871439723567
0
0.016080458522001788
0
0.016080458522001788
0
0.016080458522001788
0
0
0.2287963772118154
0
0
0.029227375724249976
0
0
0.08242863302867492
0
0
0
0
0
0.17780055763525932
0
0
0
0
0
0.18544538906622482
0.01610116696198585
0
0
0
0
0.1364589518739212
0
0.03224066506858125
0
0.09328440351069667
0
0.11177543607282471
0
0
0.14549152978223598
0
0
0.01618457198276597
0
0
0.17821376160140429
0
0.029301674487609314
0.8174439752323035
0
0
0.11177543607282471
0
0
0.029264474592390774
0.01612193228720797
0
0.01612193228720797
0
0
0.09317131799548933
0.01612193228720797
0
0
0.01610116696198585
0
0.016080458522001788
0
0
0.21491698118596006
0
0
0
0.016080458522001788
0.016080458522001788
0
0
0
0.01603921134389958
0
0.01603921134389958
0
0
0
0.23519338181924143
0
0
0.11110832175802124
0.19970542143513365
0
0.01603921134389958
0
0
0
0
0
0.016059806728456114
0
0
0.016059806728456114
0
0
0.029153479385980775
0
0.029153479385980775
0
0
0
0
0
0
0
0
0.19297406541631035
0
0.016080458522001788
0.18523150089449886
0
0.029190377461788847
0.12908034533061719
0
0
0.01610116696198585
0
0
0
0
0
0.08959528380231178
0.04122871439723567
0
0.162136600803823
0
0
0.03219914392633021
0.01610116696198585
0.029227375724249976
0.11150754482797035
0.18544538906622482
0
0
0
0
0.12892731335540145
0
0
0.016080458522001788
0
0
0
0
0
0.5789298720407929
0
0
0.032157736512233956
0
0
0
0
0
0.12039313872415314
0
0
0.27454667508577346
0
0
0.22178068598513934
0
0
0.228538143953528
0
0
0.12010675827986975
0
0
0.4682624662709154
0
0
0.052368329552529264
0.016059806728456114
0
0.016080458522001788
0.11137412337290935
0
0.12954183291760824
0
0
0.029190377461788847
0.029190377461788847
0
0
0
0
0.12882360584025176
0.06377414555321256
0
0.016268902697787968
0
0
0.8200941498591378
0
0
0.2880118310951186
0
0
0
0.188067989428956
0
0.19613938962725602
0
0
0.7195119020668814
0.016290131867036716
0
0.01631142013313357
0.029564938415632472
0
0.016290131867036716
0
0
0
0
0
0.016268902697787968
0
0
0.11034821424112307
0
0.07442578992239543
0.04169958411989506
0
0
0.053226677022038024
0.19545131522071332
0
0
0
0
0.26444039608490877
0
0.18761454388145435
0.19522321973609094
0.01631142013313357
0
0.19522321973609094
0
0
0.0640935977343969
0
0
0.11286118907383516
0
0
0
0
0
0.01633276774893347
0.01633276774893347
0
0.0640134106522171
0
0
0.01631142013313357
0
0
0
0
0
0.21171717677646204
0
0
0.7003610976908716
0.045967259299202465
0
0.225363639127395
0.01633276774893347
0
0.5052691472598996
0.19545131522071332
0
0.16432319669516227
0
0.18052466764205782
0.22615754962588602
0
0
0.2156089341766187
0.016354174968753098
0.18805509465754527
0.16609211554118988
0
0.016354174968753098
0.2041037912665126
0
0
0.2406315315929255
0
0
0.30850570753277556
0
0
0
0
0
0.13126527625569018
0.13990417630075325
0
0.0328341764260273
0
0.01639716924509439
0
0
0
0.06433546783023263
0
0
0.1882762246427232
0
0
0.09709308136146694
0.05342908875880702
0
0
0.01639716924509439
0
0
0
0
0
0.01641875681765713
0
0.30574111329958986
0
0
0
0
0.01639716924509439
0.05336143389814478
0.06425462540840808
0
0
0
0
0.07461123735855518
0
0
0
0
0
0.04180579781557185
0.1394001320832372
0
0
0.14748625506064858
0
0
0
0
0.016290131867036716
0.016290131867036716
0.01633276774893347
0.04169958411989506
0
0.03253453812592684
0.07433344019915994
0
0.016290131867036716
0
0.029564938415632472
0.01631142013313357
0.15119276252789018
0.016290131867036716
0
0.13047571663711086
0.016290131867036716
0
0.09408443883267345
0
0
0
0
0
0.02960296198802635
0
0
0.09396923545355867
0
0
0
0
0
0.11272421323755784
0
0
0.016290131867036716
0
0
0.01612193228720797
0.01612193228720797
0
0.20062232431271465
0
0
0.06337963735681926
0
0
0.1856598211340469
0
0
0.01612193228720797
0
0
0.19319641317100758
0
0
0.3295818648635872
0
0
0
0
0
0
0
0
0
0
0
0
0
0
0.2594387910283746
0
0
0
0
0
0.04128046811908642
0
0
0.04128046811908642
0.07369387764174248
0
0.4348755092896526
0
0
0
0.01612193228720797
0
0.01612193228720797
0
0
0
0
0
0.01612193228720797
0
0
0.1205368887585305
0
0
0.31358499626203346
0
0
0.19341932551676183
0
0
0.21717927378156646
0
0
0.06345811641554695
0
0.016163634555377483
0.20219196758288238
0
0
0
0
0
0
0
0
0
0
0
0.016163634555377483
0
0
0.21565415761608447
0
0
0.224511514898608
0.01618457198276597
0
0.1936428046838986
0
0
0.20108426234544102
0
0
0.11190990870168403
0
0
0.10953553749948668
0
0
0.01618457198276597
0.2230458072667892
0
0
0
0
0.4403991633245161
0.03240789656168603
0
0.17883754072069513
0
0
0.08384962371951571
0
0.032365915678653524
0.2230458072667892
0
0
0.20865931215241312
0
0.04143657108746383
0.10289979015533357
0
0
0
0
0
0
0
0
0.2155583279588526
0
0
0
0.029376379056829903
0
0.09339778787292866
0
0
0
0
0
0.016163634555377483
0
0
0.12954183291760824
0
0
0.041384395879042746
0
0
0.13807522942333672
0
0
0.016163634555377483
0
0
0
0.029301674487609314
0
0.08364486250605352
0
0
0
0
0
0.8738701315802988
0
0
0.029301674487609314
0
0.029338975833691713
0.029338975833691713
0.032365915678653524
0.041384395879042746
0.016163634555377483
0
0
0.24484247050982294
0
0
0
0
0
0.1208255160088417
0
0
0.162706801948499
0
0
0.11190990870168403
0
0.016163634555377483
0
0
0
0
0
0
0.029301674487609314
0
0
0.041384395879042746
0
0
0.041384395879042746
0
0
0.0454961682703315
0.016163634555377483
0
0
0
0
0
0
0
0.10492473392519108
0
0.01618457198276597
0
0
0
0.15482894352655235
0
0
0
0
0
0.6819699743745034
0
0
0.7134779996595928
0
0
0
0
0
0.04555448962582478
0
0
0.13537377429328679
0
0
0.06901936005691803
0
0
0.11204473457392772
0
0
0
0
0
0.2024287948314923
0.06353680588989903
0
0.1938668529147223
0
0
0
0
0
0.10265123888370223
0
0
0
0
0
0.20865931215241312
0
0
0
0
0
0
0
0
0.0834411835793158
0
0
0.21199646868733424
0
0
0.07342341266999816
0
0
0
0
0
0.0834411835793158
0
0
0
0
0
0.7138030687748784
0
0
0.04117710000606228
0.01610116696198585
0
0.01610116696198585
0
0
0.09328440351069667
0.20062232431271465
0
0
0
0
0
0
0
0.032282300419054916
0
0
0.20108426234544102
0
0
0.24365916470292023
0
0.07369387764174248
0.016142754737828346
0
0
0.029301674487609314
0.1858747992492287
0.016163634555377483
0.2518522194308601
0
0
0.09339778787292866
0
0
0.12954183291760824
0
0
0.016163634555377483
0
0
0.1208255160088417
0
0
0
0
0
0.19542914959424498
0
0
0.10277535091294815
0
0.016163634555377483
0.041384395879042746
0
0
0.016163634555377483
0
0
0.1208255160088417
0
0
0.10265123888370223
0
0
0.20195574748743114
0
0
0.08364486250605352
0
0
0.17042992165919724
0.250163120001252
0
0
0
0
0
0
0
0.09328440351069667
0
0
0.041384395879042746
0
0
0
0
0
0
0.5253770488106139
0
0.19431666559702934
0
0
0
0
0
0.8825992641825752
0
0
0.016354174968753098
0
0
0.12945711038189056
0
0
0.016354174968753098
0
0
0
0
0
0.12244034594242638
0
0
0.11341274229133774
0
0
0.029794662748215753
0
0
0
0.01641875681765713
0
0.26737151207536713
0
0.01652760948109761
0.2093489865959346
0
0
0
0
0
0.07545830126082836
0
0.04234572013045733
0.030028246032793852
0
0
0
0.08520757781039442
0
0
0
0
0
0.01641875681765713
0
0
0
0
0.18052466764205782
0
0
0.1882762246427232
0
0
0.1803118649905484
0.016354174968753098
0
0
0
0
0.12214324221829503
0
0.029641090489636965
0.49059006814339845
0
0
0.18783453516477325
0
0
0.01633276774893347
0.18783453516477325
0
0.21674195818791392
0.016354174968753098
0
0.1309482019916632
0.032662238525890744
0
0.08457494062495859
0
0.029641090489636965
0.016354174968753098
0
0
0
0
0
0.21789954385065996
0
0
0
0
0
0.2316369231632588
0
0
0
0
0
0.2931285624346223
0.01641875681765713
0
0.06449781445764265
0.18095193368376192
0
0
0.01641875681765713
0
0.2258859543952841
0.0328341764260273
0
0.38184300452875763
0
0
0.029756110043301295
0
0
0.01639716924509439
0
0
0.01637564204838224
0.19590927087360493
0
0.1645219568834611
0
0
0.01637564204838224
0.01639716924509439
0
0.2658608862417044
0
0
0.164054546403459
0
0
0.029641090489636965
0
0
0.016247732373984327
0
0.01620556726429443
0.1865230315655657
0
0
0
0
0
0.05276075234790775
0
0.029338975833691713
0.029153479385980775
0
0.016059806728456114
0.016059806728456114
0
0
0.052303536715132715
0
0
0.2482118496217512
0
0
0.015998188858655345
0
0
0.015998188858655345
0.18438134454381555
0
0.015998188858655345
0
0
0.029043382123428607
0
0
0.029043382123428607
0.2685343378023903
0
0.015998188858655345
0
0
0.24368547301387977
0
0
0
0
0
0.2870231650414695
0
0
0.1611959420354912
0
0
0.015998188858655345
0
0
0.20652551824035065
0
0
0
0.029043382123428607
0
0.016018672132224805
0
0.0320341918788661
0.39756657703200143
0
0
0.015998188858655345
0
0.015998188858655345
0.13677757074073732
0
0
0
0
0
0
0
0
0.1841701439830727
0
0
0.20629139201823538
0
0
0
0
0
0.1841701439830727
0
0
0
0.04092109792820736
0
0.1281680610801191
0
0
0.0319523887509574
0
0
0
0
0
0.29908620559407884
0.0319523887509574
0
0.05688944383170686
0
0
0.11071220168506901
0
0.01597776128973744
0.044978369654515855
0
0.01597776128973744
0.05211019125757353
0
0
0.15302690806139485
0
0.016018672132224805
0.016018672132224805
0
0
0
0
0
0
0
0
0.11097593880543725
0
0
0
0
0
0.0320341918788661
0
0
0.029079982129973928
0
0
0.029116681080153858
0
0
0.1923103875732936
0
0
0
0.213942675177571
0
0.04102308706283117
0
0
0.19209027611632934
0
0
0.1195384340861499
0
0
0
0
0.015998188858655345
0.01603921134389958
0
0
0.17735078073564897
0.016018672132224805
0.01603921134389958
0.18480534769165372
0
0
0.19209027611632934
0
0
0.04514956428108457
0.01603921134389958
0
0.2280236021524995
0
0
0
0
0
0.06299036810946246
0
0
0.15338363030984772
0
0.01603921134389958
0.11110832175802124
0
0
0.11516844087608755
0
0.01603921134389958
0.016018672132224805
0.01603921134389958
0
0.19316625409618995
0
0
0
0
0.03211644234894374
0.26202013598554075
0
0
0.11124104948299228
0
0
0.12010675827986975
0
0.016059806728456114
0
0
0
0.263317419030614
0
0
0.029116681080153858
0
0
0.0927219401687717
0
0.029153479385980775
0.07911171193289811
0
0
0.1617588954192212
0.016080458522001788
0
0.19361721711032456
0
0
0.052303536715132715
0
0
0
0
0
0.041125624368577904
0.09283384239727746
0
0.13742304914562944
0
0
0
0.0453221579368545
0
0
0
0
0
0
0
0
0
0
0
0
0
0
0.12520632781292373
0.04128046811908642
0.03219914392633021
0.03219914392633021
0
0
0.016163634555377483
0
0
0
0
0.10265123888370223
0
0.016142754737828346
0
0.12039313872415314
0
0.1856598211340469
0
0
0
0.032157736512233956
0
0
0.029190377461788847
0
0.01610116696198585
0.20172013213279202
0.029227375724249976
0
0.029190377461788847
0
0
0
0
0
0.17780055763525932
0
0
0.04538000309254396
0.09305853011048486
0
0.1856598211340469
0
0
0
0
0
0
0
0
0.7753638464017232
0
0.01610116696198585
0.18544538906622482
0.01612193228720797
0
0.07351332842243423
0
0
0.11150754482797035
0.12024976239898608
0
0.016080458522001788
0
0
0.016080458522001788
0
0
0.12024976239898608
0
0
0.06306780800385679
0.01603921134389958
0
0
0
0
0.16924610082242036
0
0
0
0.15320504161897897
0
0.04092109792820736
0
0
0.1281680610801191
0.01597776128973744
0
0.5957966384072826
0
0
0.1281680610801191
0.01597776128973744
0
0.11071220168506901
0
0
0.01597776128973744
0.01597776128973744
0
0.015998188858655345
0
0
0.11071220168506901
0.01597776128973744
0.01597776128973744
0.11071220168506901
0
0
0
0.1841701439830727
0
0.029006880650810123
0
0
0.2146884817316093
0
0
0.01595738919332986
0
0
0.01595738919332986
0
0
0.04087030751647193
0.1353200314646472
0.01595738919332986
0.04087030751647193
0.01595738919332986
0
0.20605784977327612
0
0
0.18395947464944837
0
0
0
0
0
0.040819652463459435
0
0
0
0
0.01595738919332986
0.01595738919332986
0
0
0
0.08893627218044035
0.015998188858655345
0.20652551824035065
0
0
0
0.015998188858655345
0
0.23466625778187344
0
0.0319523887509574
0
0
0
0
0.01603921134389958
0.01603921134389958
0.0701719553465532
0
0.01603921134389958
0.0927219401687717
0
0.016059806728456114
0
0.016059806728456114
0
0.7647999497575171
0
0.016059806728456114
0.016059806728456114
0
0
0.08323857812031157
0.10215803640865039
0
0.20746790852802602
0
0
0
0
0.11124104948299228
0.228538143953528
0
0.016059806728456114
0
0
0
0
0
0
0.04122871439723567
0
0
0
0
0
0.0834411835793158
0
0.01610116696198585
0
0
0
0.24311033422405598
0
0
0.22399308477063315
0.016142754737828346
0
0.01612193228720797
0
0
0
0
0
0
0
0
0.029264474592390774
0
0
0.19319641317100758
0.016142754737828346
0
0
0.3255517134879514
0
0
0
0
0
0
0
0.032282300419054916
0
0
0.7251840153715489
0
0
0.08364486250605352
0
0
0.3115340501690743
0
0
0.2594387910283746
0
0
0.13791155015901643
0
0
0
0
0
0
0.016142754737828346
0
0.10265123888370223
0.04555448962582478
0.029338975833691713
0.0688456395117213
0
0
0
0
0
0.17062899601517195
0
0
0.42917242684847057
0
0
0
0
0
0
0
0.01618457198276597
0
0.2230458072667892
0
0
0
0
0.1938668529147223
0
0
0.17101567211147084
0
0
0.23705909579312237
0
0
0
0
0
0
0
0
0
0
0
0
0
0
0.2233007452837511
0
0
0.06910657441340345
0
0
0.01618457198276597
0
0
0.016163634555377483
0
0
0.029338975833691713
0
0
0.17042992165919724
0
0.016142754737828346
0
0.01612193228720797
0.01612193228720797
0.1292337748458849
0
0
0.04538000309254397
0
0
0.2822784143501179
0
0
0
0
0
0.1850181544790954
0
0
0
0
0
0
0
0
0.14523875361421074
0
0
0.016018672132224805
0
0
0.015998188858655345
0.06291313349853624
0
0.20652551824035065
0.11084389924026641
0
0
0.015998188858655345
0
0
0
0
0.3032461929471826
0
0
0.7087375595518868
0
0.016018672132224805
0.016018672132224805
0
0
0.2067602307119646
0
0
0
0
0
0.19209027611632934
0
0
0.05223891652515417
0
0.016018672132224805
0.04102308706283117
0
0
0
0.10203554064150536
0
0
0.03207526096181066
0
0
0
0
0
0.01603921134389958
0
0
0.029116681080153858
0
0
0.12862243565642703
0
0
0.04514956428108457
0
0.18480534769165372
0
0
0
0
0
0.016059806728456114
0
0
0.016059806728456114
0.052368329552529264
0
0
0.029116681080153858
0.12877467732589762
0
0.03211644234894374
0
0
0.17738945318599736
0
0
0.33037839223785903
0
0
0.029153479385980775
0
0
0.052368329552529264
0
0
0
0
0
0.029227375724249976
0
0
0.11150754482797035
0
0
0.029227375724249976
0
0
0.03219914392633021
0
0
0.14713553603902635
0
0
0.22529412792246517
0
0
0.3358536135736446
0
0.2020152036648033
0.18695795664396403
0.18695795664396403
0
0.1792560669283215
0
0
0.10314965563620458
0
0
0
0.13047571663711086
0
0.016290131867036716
0
0
0.1638605128691584
0
0.01631142013313357
0
0
0
0.14672619294408956
0.053226677022038024
0
0.19522321973609094
0
0
0.22634699625446944
0
0
0.18761454388145435
0
0
0.12184770813118084
0.01631142013313357
0
0.02960296198802635
0.01631142013313357
0
0
0
0
0.029564938415632472
0
0
0.09396923545355867
0
0
0.016290131867036716
0
0
0
0
0.029564938415632472
0
0.18717625687320816
0
0
0
0
0.029527019328934357
0
0
0
0
0
0
0.016290131867036716
0
0
0
0
0
0
0
0
0.016290131867036716
0
0.04169958411989506
0
0
0
0
0
0.1945424345937505
0.0529593530977214
0.016247732373984327
0.7669088585101762
0
0
0.016247732373984327
0.016247732373984327
0
0.22555633421557053
0
0
0.21632157472024752
0
0.016247732373984327
0.1450562950521716
0.209381422452893
0.016247732373984327
0
0.11245134608276885
0
0.08415881436148843
0.2811113487198268
0
0
0
0
0.016268902697787968
0
0
0.17946613848612492
0
0.016268902697787968
0.7232817603477737
0.15556286259996746
0
0.07424133842669783
0
0
0.30988480883635217
0.016268902697787968
0
0
0
0
0.016268902697787968
0
0
0.029527019328934357
0
0
0.016268902697787968
0
0
0.08426242877623302
0
0
0.18717625687320816
0
0
0.029527019328934357
0
0
0.6711139083530228
0.016268902697787968
0.23813997707005902
0.20224942454769884
0
0
0.016268902697787968
0.029489204286940827
0
0.12866628132482688
0
0
0.029489204286940827
0.21664577959201084
0.016247732373984327
0.2020152036648033
0
0
0.016247732373984327
0
0
0.016226620645663548
0.11245134608276885
0
0
0.3485124359225099
0
0.029451492851171084
0
0
0.029451492851171084
0
0
0.029338975833691713
0.21565415761608447
0
0.2775390531532442
0
0
0.05269490852504428
0
0
0.1850181544790954
0.016059806728456114
0.029153479385980775
0.19993378119137847
0
0
0.19253105481819402
0
0
0.061179276360103126
0
0.01603921134389958
0.01603921134389958
0
0.01603921134389958
0.11110832175802124
0
0
0.10203554064150536
0
0
0.029116681080153858
0
0
0.08313767521185801
0
0
0.11124104948299228
0
0
0.016059806728456114
0
0
0.016059806728456114
0
0
0
0
0
0
0
0
0.2287963772118154
0
0.016080458522001788
0.0631454540252202
0
0
0.8171043083069791
0
0.016080458522001788
0
0
0
0
0
0
0.6674497921365496
0
0
0.2237348554493936
0
0
0.22905525536276142
0
0
0
0
0
0.09317131799548933
0
0
0.09317131799548933
0.09317131799548933
0
0.029264474592390774
0
0
0.29550656401847886
0
0
0.19319641317100758
0
0
0.11164131525606416
0
0
0.01612193228720797
0
0
0.03224066506858125
0
0
0.04128046811908642
0
0
0
0
0
0.07351332842243423
0
0
0.029190377461788847
0.19361721711032456
0
0.04520693918659785
0
0
0.05243329574975117
0
0.029190377461788847
0.01610116696198585
0
0
0
0
0
0
0
0
0
0
0
0.04122871439723567
0
0
0.029227375724249976
0
0
0.24960216152270848
0
0
0.19297406541631035
0
0
0.029227375724249976
0.0834411835793158
0
0.029227375724249976
0
0
0
0
0
0.06910657441340345
0
0.016247732373984327
0.13745192275390655
0.04154134711183903
0
0.15537866853529142
0
0
0
0
0
0.20224942454769884
0
0
0.17178223194408784
0
0
0
0
0.03253453812592684
0
0
0
0.2168337069082225
0
0
0.3796358175815452
0
0
0.13906630389713126
0
0
0.8845794142137107
0
0
0.016290131867036716
0
0
0
0
0.06393344019520349
0.12599666653922487
0
0
0.18739511853702154
0
0
0.08564334231411017
0
0
0.12929809979860393
0
0
0
0
0
0.032662238525890744
0
0
0.053226677022038024
0
0
0.029641090489636965
0
0
0.06963488052514563
0
0
0
0.03270504297470217
0
0
0.01633276774893347
0.20410379126651262
0.01631142013313357
0
0
0
0.02960296198802635
0
0.15611832897748934
0
0
0.01633276774893347
0
0
0.01633276774893347
0
0
0
0.016354174968753098
0
0.14801578148052247
0
0
0.7699344349587325
0
0
0.1107594773039662
0.029679324366532728
0
0.04185912320216623
0.07461123735855518
0
0.2119670626791604
0
0
0.18805509465754527
0
0.016354174968753098
0.7090365852132277
0
0
0
0.016354174968753098
0
0
0.053226677022038024
0
0.06417400234899312
0
0
0.016354174968753098
0
0
0.01637564204838224
0
0
0.2031923214074407
0
0
0.18805509465754527
0
0
0.12184770813118084
0
0
0.016163634555377483
0
0.016163634555377483
0.11177543607282471
0.029301674487609314
0
0.032324050460557384
0.016163634555377483
0.016163634555377483
0.06893238208487185
0
0.016163634555377483
0.041384395879042746
0
0.01618457198276597
0.04143657108746383
0
0
0.10289979015533357
0
0
0
0.029376379056829903
0.01618457198276597
0
0.01618457198276597
0
0
0
0.6377314512615098
0.029376379056829903
0
0
0.05276075234790775
0
0.01618457198276597
0.1709645763007329
0
0.029376379056829903
0.04143657108746383
0.6979876249482504
0
0
0
0
0.24953136300287712
0
0.01618457198276597
0
0
0
0.029376379056829903
0
0
0.032365915678653524
0
0
0.20865931215241312
0
0.01618457198276597
0.01618457198276597
0.01618457198276597
0
0
0.016163634555377483
0
0
0
0
0.23679056567725154
0
0
0.05269490852504428
0
0
0
0
0
0.1936428046838986
0
0
0.25901074352985387
0
0
0
0
0
0.09339778787292866
0
0
0
0
0
0.029338975833691713
0.12804113818217996
0
0.24591747303143105
0
0.016163634555377483
0.21565415761608447
0.016163634555377483
0.016163634555377483
0.6878509336671423
0
0
0.162706801948499
0
0
0.13807522942333672
0
0.016163634555377483
0.016163634555377483
0
0
0.016163634555377483
0
0
0.20841982642087006
0
0.016163634555377483
0.2571498536416831
0
0
0.032282300419054916
0
0
0.1936428046838986
0
0
0
0
0.029301674487609314
0.2295749563840231
0.016142754737828346
0
0.1858747992492287
0
0
0.19431666559702934
0
0
0.04154134711183903
0
0
0
0
0.016247732373984327
0
0.016247732373984327
0.016268902697787968
0
0
0
0.3280415664578747
0
0
0.12882360584025176
0
0
0.21739612237921943
0
0
0.20986589769852237
0
0
0.08447049075532355
0.13063279721744064
0
0.11993502909780623
0
0.01631142013313357
0.1394001320832372
0
0
0
0
0
0.029641090489636965
0
0
0
0
0
0.18761454388145435
0
0.01631142013313357
0.09419994976831578
0.029641090489636965
0
0.15611832897748934
0.04180579781557185
0
0.04596725929920247
0
0
0
0.01631142013313357
0
0
0
0
0.05315957346054233
0
0
0.20295569040092323
0
0
0.07451838862928749
0.01633276774893347
0.01633276774893347
0.23168006414523512
0
0
0.08447049075532355
0.12170052569206094
0
0.18761454388145435
0
0
0.4770713062193297
0
0
0.016290131867036716
0
0
0.21010906314028982
0
0
0
0
0
0.13906630389713126
0
0
0
0.01631142013313357
0
0.2593314074950321
0
0.01631142013313357
0.04175261832615954
0
0
0.20271966552605294
0
0
0
0
0
0.164054546403459
0.016290131867036716
0
0.15593269087674375
0.02960296198802635
0.01631142013313357
0.2789825577988798
0
0.016247732373984327
0.016268902697787968
0.1125875994003927
0.04578938255941188
0.029527019328934357
0.016268902697787968
0
0.11021186117131451
0
0
0
0
0
0.18695795664396403
0.04159394911809519
0
0.6997722217733069
0
0.016247732373984327
0.029489204286940827
0
0
0.34493070377494006
0
0
0.25741006609082867
0
0
0.029338975833691713
0
0
0
0
0
0.05269490852504428
0
0.11190990870168403
0.17082858171781617
0
0
0.029338975833691713
0
0.016163634555377483
0.09339778787292866
0
0.162706801948499
0
0
0
0.11190990870168403
0
0
0.12954183291760824
0
0.7423377477383445
0.224511514898608
0
0
0
0
0
0.016163634555377483
0
0
0.016163634555377483
0
0
0.09339778787292866
0
0
0
0
0
0.17842115611435247
0
0
0
0
0
0
0
0
0.10277535091294815
0
0
0
0
0
0.20865931215241312
0
0.029376379056829903
0
0
0
0.2230458072667892
0
0.01618457198276597
0.01618457198276597
0.01618457198276597
0
0
0
0
0.01618457198276597
0.01618457198276597
0
0
0.029376379056829903
0
0
0
0.11204473457392772
0
0
0
0.01618457198276597
0
0
0.14661286840370497
0
0
0.8059038852535425
0.05276075234790775
0
0.029376379056829903
0
0
0.2233007452837511
0
0
0
0
0
0.01620556726429443
0
0
0.01620556726429443
0.0636157066520725
0
0.029451492851171084
0
0
0.06910657441340345
0
0
0.14619426470122687
0
0
0
0
0
0.04573041683906136
0.016268902697787968
0
0.07424133842669783
0
0
0.20962335161879153
0
0
0.016268902697787968
0
0
0.09060383475641653
0.16373005116582928
0
0.029564938415632472
0
0
0
0.029564938415632472
0
0.029564938415632472
0
0
0.016268902697787968
0
0
0
0.19476878174480025
0
0.13031904834573513
0
0
0.029489204286940827
0
0
0.30988480883635217
0
0
0
0
0
0
0.016247732373984327
0
0.08415881436148843
0
0
0
0
0
0.029489204286940827
0
0
0.17015175294258392
0.016247732373984327
0.07520003215146603
0.029489204286940827
0.016247732373984327
0
0.11245134608276885
0.04159394911809519
0
0.029489204286940827
0
0
0
0
0
0.21958482774006852
0
0
0.016268902697787968
0
0
0
0
0
0
0.029489204286940827
0.016247732373984327
0.2447650820208972
0
0
0
0
0
0.829713639921705
0.01620556726429443
0
0.041488887967240005
0
0
0.016226620645663548
0
0.016226620645663548
0
0
0
0.23062220834067693
0
0
0.0528929738912632
0
0
0.19409147246359704
0
0
0.1945424345937505
0
0
0
0.21793895294065455
0.016226620645663548
0.016226620645663548
0.11360217249742761
0.016268902697787968
0
0.03253453812592684
0
0.06385368546122085
0
0
0.0855342331700466
0
0
0
0
0
0.18695795664396403
0
0
0.016247732373984327
0
0
0.0529593530977214
0
0
0
0
0
0.13873422009580638
0
0
0.016247732373984327
0
0
0.25403014191090506
0
0
0.016247732373984327
0
0
0
0
0
0.016247732373984327
0
0
0.10327508457163546
0
0
0.14713553603902635
0
0
0.04159394911809519
0
0
0.17703042258492932
0
0
0.38458359446346113
0
0.016226620645663548
0
0
0
0.2013161110337019
0.09351147230575951
0
0.05269490852504428
0
0
0.029376379056829903
0.016163634555377483
0
0
0
0
0.1936428046838986
0
0
0
0
0
0.22399308477063315
0
0.029264474592390774
0.05256375109324406
0
0
0.27900040278838634
0
0
0
0
0
0
0
0
0.67962175575181
0
0
0.07351332842243423
0.029227375724249976
0
0.03219914392633021
0
0
0
0
0
0.05256375109324406
0.04128046811908642
0.01612193228720797
0.1702313566187781
0.01612193228720797
0
0.05256375109324406
0
0
0.08354288831032233
0
0
0.20039223036512166
0
0
0.01610116696198585
0
0.01612193228720797
0.04538000309254396
0
0
0.1856598211340469
0.01612193228720797
0
0.24048532292339056
0
0
0
0.01610116696198585
0
0
0
0
0
0
0
0
0
0.01610116696198585
0.2077049889626956
0
0
0.162136600803823
0.0453221579368545
0
0.23625551533241518
0
0
0
0
0
0.04128046811908642
0
0
0
0
0
0.1277310358658767
0
0
0
0.05256375109324406
0
0.19319641317100758
0
0
0.04538000309254396
0
0
0.10252745273764936
0.5091821114436996
0.18345086460557572
0.1205368887585305
0
0
0.2828313202746894
0.04128046811908642
0
0
0
0
0.19319641317100758
0
0
0.06330136784638674
0
0
0.200853000874349
0
0
0
0
0
0.029301674487609314
0
0
0
0
0
0
0
0
0.01612193228720797
0
0
0
0
0
0.029376379056829903
0
0
0.029376379056829903
0
0.01618457198276597
0.11204473457392772
0
0.01618457198276597
0.20865931215241312
0
0
0
0
0
0
0
0
0.2088994051352857
0
0
0.8385280134292256
0
0
0.03240789656168603
0.05282677388968397
0
0.10980498461431251
0
0
0.17904653505654533
0
0
0
0
0
0.12298722193844006
0.7463757305916932
0.029413884585638123
0
0
0
0
0.01618457198276597
0.01618457198276597
0.35606488126205293
0
0
0.12969646470659638
0
0
0.08395241296658601
0
0.029413884585638123
0
0
0
0.23062220834067693
0
0
0
0.041488887967240005
0
0.17102868080925504
0
0
0.029413884585638123
0
0
0.5372270753032138
0
0
0.01620556726429443
0
0
0.08395241296658601
0
0
0.1938668529147223
0
0
0
0
0
0
0
0
0.01618457198276597
0
0
0.01620556726429443
0
0
0
0
0
0.3209932435777939
0.029413884585638123
0
0.20865931215241312
0.01618457198276597
0
0.07387539038888603
0
0
0
0
0
0.04143657108746383
0
0
0.029376379056829903
0
0
0.08384962371951571
0
0
0.14135605971374177
0.2013161110337019
0
0.658627183748224
0
0.029376379056829903
0
0
0
0
0
0
0.016163634555377483
0
0
0
0
0.01618457198276597
0
0
0.01618457198276597
0
0
0
0
0
0
0.01618457198276597
0
0.01618457198276597
0.1281968041292598
0.01618457198276597
0.029376379056829903
0.21743185285744537
0
0
0.01620556726429443
0
0
0.01618457198276597
0
0
0.06893238208487185
0
0
0
0
0
0
0.01618457198276597
0
0
0.06353680588989903
0
0
0.01618457198276597
0
0.06345811641554695
0
0.08364486250605352
0.2925396751540038
0
0
0
0.11190990870168403
0
0
0.17842115611435247
0
0.016163634555377483
0
0
0.016142754737828346
0
0
0.01610116696198585
0
0
0.12908034533061719
0
0.01610116696198585
0
0
0.01610116696198585
0
0.03219914392633021
0.01610116696198585
0.06322330702175286
0
0
0.029227375724249976
0.05249843602318874
0
0
0
0
0.10240399115216121
0
0.15410257269067867
0
0
0
0.01610116696198585
0.05249843602318874
0.19297406541631035
0.1856598211340469
0.01612193228720797
0.029301674487609314
0.5386873729946503
0.20865931215241312
0
0
0
0
0
0.01618457198276597
0
0.11905513208647303
0
0
0.1550117109112572
0
0
0.1865230315655657
0
0
0.029413884585638123
0
0
0.2102313396493522
0
0
0
0
0
0
0
0.01620556726429443
0.029413884585638123
0
0
0
0
0
0
0
0
0
0
0
0.053025912258350086
0.016268902697787968
0
0.2164809048993074
0
0
0.016290131867036716
0.016290131867036716
0
0.18761454388145435
0.23868451135100135
0
0.032662238525890744
0
0
0.2043455641732875
0.1882762246427232
0
0.01637564204838224
0.21084230031853213
0.04191259510349149
0.11327430349709672
0
0
0.13973571890492698
0
0
0
0
0
0.21084230031853213
0
0
0.09454834067208458
0.01637564204838224
0
0.06417400234899312
0
0.016354174968753098
0
0
0
0.1362111095448409
0
0
0.18783453516477325
0
0
0
0.11299852839704216
0
0
0
0.04590780309563687
0.2846252923272519
0
0
0.45923171592139844
0
0.01631142013313357
0.05315957346054233
0
0
0.13063279721744064
0
0
0
0
0
0.15593269087674375
0
0.02960296198802635
0.2658608862417044
0
0.01631142013313357
0.1476623022841604
0
0
0
0
0
0
0
0
0.029527019328934357
0
0
0.016268902697787968
0
0
0.26496353609662915
0
0
0.0741494835779208
0.016247732373984327
0.016247732373984327
0
0
0
0.6424248351405495
0.016226620645663548
0
0.202904280503055
0
0
0.029451492851171084
0.21793895294065455
0
0
0
0.016226620645663548
0.19431666559702934
0
0
0
0.016226620645663548
0
0.14696086054196766
0.016226620645663548
0
0.11231545181330431
0.3095434291503252
0
0
0
0
0.11245134608276885
0
0
0.04873341984206436
0
0.09385433836587334
0.016247732373984327
0.029489204286940827
0
0.7029140973360286
0
0
0.2515777883931848
0
0
0.21664577959201084
0.209381422452893
0
0.19544440218370354
0
0
0.4618043316752015
0
0.04164669458623373
0.09396923545355867
0
0
0.12898134927058
0.13906630389713126
0
0
0
0
0
0
0
0.19499570935361069
0
0.04169958411989506
0.029564938415632472
0.13047571663711086
0
0.18739511853702154
0
0
0
0.016290131867036716
0
0.27453341396330877
0
0
0
0
0
0.04164669458623373
0.6810629511553796
0
0
0
0
0.016268902697787968
0
0
0
0.016226620645663548
0
0.016226620645663548
0
0
0.016247732373984327
0.08415881436148843
0
0.08415881436148843
0
0
0.03249220728994383
0
0
0.24007425270246735
0
0
0
0
0.25403014191090506
0.18695795664396403
0.016247732373984327
0.029489204286940827
0.2031429438164519
0
0
0
0
0
0
0
0.016247732373984327
0
0.016247732373984327
0
1.0066115661197474
0
0
0.13873422009580638
0
0.016247732373984327
0.0529593530977214
0.18695795664396403
0
0.2031429438164519
0.4354217293118405
0
0.18695795664396403
0.08415881436148843
0
0.03249220728994383
0.029489204286940827
0
0.13016279066825942
0.11245134608276885
0
0
0.016247732373984327
0
0.0741494835779208
0.016268902697787968
0.0529593530977214
0.03249220728994383
0
0
0.1792560669283215
0
0.016268902697787968
0.03253453812592684
0
0
0
0.12155373086861773
0
0.21714537205185802
0.016290131867036716
0.01631142013313357
0.1291395133440566
0.11286118907383516
0
0.2481950135969184
0
0
0.029717664067347795
0
0
0.01639716924509439
0
0
0
0
0
0.1807380231285758
0
0
0.06433546783023263
0
0
0.19567999814859896
0
0
0
0
0
0.01633276774893347
0
0
0.33358100307251676
0
0
0
0
0
0.2414884397635388
0
0
0.20962036638655265
0
0
0.032662238525890744
0
0
0.24616318213280833
0
0
0.19613913576241182
0
0
0
0.11089730471425718
0
0.8276595497921047
0.029717664067347795
0
0
0
0
0.01654956482796602
0.03309573069537054
0
0.1581928138185114
0
0
0.1968323072726611
0.02991096581440153
0
0
0
0
0.1968323072726611
0.02987209017334897
0
0.37764632137370024
0
0.042019980938257095
0.029794662748215753
0
0
0.2397818749172953
0.01641875681765713
0
0.01641875681765713
0
0
0
0
0
0
0
0
0
0
0
0
0.26737151207536713
0
0.2397818749172953
0
0
0.12258949046143808
0
0
0.029794662748215753
0
0
0.029756110043301295
0.029756110043301295
0.01639716924509439
0.029756110043301295
0
0
0.01639716924509439
0.2048310009252633
0
0.01641875681765713
0
0
0.12244034594242638
0.27493724880338355
0
0.22741074731325572
0
0
0.12436764509691228
0
0.016354174968753098
0.1592606210063824
0.029679324366532728
0
0
0
0.016354174968753098
0.20342956096781065
0.2546032311086246
0
0.736215919645035
0
0.016354174968753098
0.4048063604821155
0
0
0.016354174968753098
0
0
0.09431576953267695
0
0
0.12199527977422833
0
0
0.18783453516477325
0
0
0
0
0
0.19567999814859896
0
0
0.08457494062495859
0
0
0.19567999814859896
0
0
0
0.029679324366532728
0
0.20295569040092323
0
0
0.032662238525890744
0
0
0
0
0.016354174968753098
0
0
0.029641090489636965
0.03270504297470217
0.01633276774893347
0
0.12023147617666372
0
0
0.13923299905509887
0.01631142013313357
0
0
0
0
0.05315957346054233
0
0
0.01631142013313357
0
0
0.08457494062495859
0
0
0.06972377764240326
0.05329396357763027
0
0.31739407202991654
0
0
0
0
0
0.2816394625334586
0
0
0.12898134927058
0
0
0.03257698660840355
0
0.016268902697787968
0.09396923545355867
0
0
0.04164669458623373
0
0
0.016268902697787968
0.016268902697787968
0
0
0
0
0
0
0
0.2447650820208972
0.016226620645663548
0.016247732373984327
0.0741494835779208
0.21639693245126462
0
0
0
0
0.24504329709471695
0
0
0.029489204286940827
0
0
0.016226620645663548
0
0
0.20178157935455582
0.13063279721744064
0
0.01620556726429443
0
0
0.04154134711183903
0.016226620645663548
0
0.15519495194501923
0
0
0.20914010776574216
0.01620556726429443
0
0.10302455794817357
0
0.041488887967240005
0
0
0
0
0
0
0.016226620645663548
0
0
0.09373974631156233
0
0
0
0.04561297105431107
0
0.10334136372170885
0.01620556726429443
0
0.2606247385255998
0
0
0.2444875639487146
0
0
1.027464780275782
0
0
0.2375981789892606
0.10302455794817357
0
0
0.029413884585638123
0
0.0528929738912632
0
0.029451492851171084
0
0
0
0.07405787463149484
0
0
0.10327508457163546
0
0
0.2444875639487146
0.04567161323202414
0.016226620645663548
0
0.016226620645663548
0.03244999360079627
0.03249220728994383
0.016247732373984327
0
0.2250325910363753
0
0.016247732373984327
0.05282677388968397
0
0.01620556726429443
0
0
0
0.029413884585638123
0
0
0.016226620645663548
0
0
0.029376379056829903
0
0
0
0
0
0
0
0
0.12097039627255331
0
0
0.029413884585638123
0
0
0.01620556726429443
0
0.15993568229207536
0.016772586214806165
0
0
0.01674999617317496
0
0
0.12487526845867936
0
0
0.06565954932417833
0
0
0.07340293809609917
0
0
0
0
0
0.054679343565288044
0
0
0.11626120533518453
0
0
0.22532184408698697
0
0
0.030588852697706375
0
0
0
0.06608551363543853
0
0.07681824409048703
0
0
0
0
0
0
0
0
0.0430137844820079
0
0
0.0430137844820079
0
0
0.20830599833738772
0.0167952412709845
0
0.033586965830707645
0
0
0.33078002876387624
0
0
0.2960809801180396
0
0
0
0
0
0.8528887075934679
0
0
0.15993568229207536
0
0
0.016772586214806165
0
0
0.0167952412709845
0
0
0
0
0
0
0
0
0.06574426651217821
0
0
0
0
0
0.07136675946301436
0.1682491161257002
0
0.10638840546946682
0
0
0.20780677772468167
0
0
0
0
0
0.221892649278366
0
0
0.33040574218246066
0
0
0.12487526845867936
0.016863599411791975
0
0.2784574671202571
0
0
0.030386077588269195
0
0
0
0
0
0
0
0
0
0
0
0
0
0
0.016772586214806165
0
0
0.6916596645509703
0
0
0.7713440598729444
0
0
0.15993568229207536
0
0.016772586214806165
0.10347243172855325
0.016772586214806165
0
0.0429008690735602
0
0
0
0.23741458715414268
0
0.016772586214806165
0
0
0.01674999617317496
0
0
0.042732686380876794
0
0
0.06059762878718554
0
0
0
0
0
0.042732686380876794
0
0
0
0.07593796785504245
0
0
0
0
0.0861760516334424
0.016660280458851404
0
0.01610116696198585
0
0
0.10240399115216121
0
0
0.14626667596087362
0
0
0.1858747992492287
0
0.01612193228720797
0.1858747992492287
0
0
0
0
0
0
0
0
0
0
0
0.22347727984528692
0
0
0.32280161487752435
0
0
0.3129032899775464
0
0
0.11137412337290935
0
0
0.016080458522001788
0
0
0.016080458522001788
0
0
0.35935599737983426
0
0
0.041125624368577904
0
0
0
0
0
0.016059806728456114
0
0
0.28804843036191524
0
0
0.5128141303320748
0.016059806728456114
0
0.2010168905845927
0
0
0
0
0
0.17738945318599736
0
0
0
0
0
0.04520693918659785
0
0
0
0
0
0.016059806728456114
0
0.016059806728456114
0.1850181544790954
0
0
0.016059806728456114
0
0.041125624368577904
0.2144286081634171
0
0
0.08323857812031157
0
0
0.17800689613931447
0
0
0.18523150089449886
0
0.016080458522001788
0
0
0
0.11137412337290935
0
0
0.016080458522001788
0
0
0.01620556726429443
0
0
0.03240789656168603
0.016226620645663548
0
0.029413884585638123
0
0
0.0528929738912632
0
0
0
0
0
0.3728760838807777
0
0
0
0
0
0.029489204286940827
0
0
0.28448038606980725
0
0
0.016247732373984327
0.016247732373984327
0
0
0
0
0.20771392532190616
0
0
0.08336958477747321
0
0
0
0
0
0.029527019328934357
0
0
0.20962335161879153
0
0
0
0
0
0
0
0
0
0
0
0.04169958411989506
0.2978026847804387
0
0.8183608791777375
0
0
0
0
0
0.01631142013313357
0
0
0.029717664067347795
0
0
0.18717625687320816
0.016268902697787968
0.016247732373984327
0
0
0
0.27866980356389914
0
0
0.016268902697787968
0
0
0.3224024979824164
0
0
0
0
0
0
0.016268902697787968
0
0.04164669458623373
0.016268902697787968
0
0.08426242877623302
0
0
0
0
0
0
0
0
0.029527019328934357
0.18717625687320816
0
0.053025912258350086
0
0
0.7604738723357458
0.13016279066825942
0
0
0
0
0.2447650820208972
0
0
0.016226620645663548
0
0
0
0
0
0.08415881436148843
0
0
0.17904653505654533
0
0
0
0
0
0
0
0
0
0
0
0
0
0
0.13745192275390655
0.016226620645663548
0
0
0
0
0.19431666559702934
0
0
0.11231545181330431
0
0
0.0636157066520725
0
0
0
0
0
0.01620556726429443
0
0
0.20154854925922236
0.17883754072069513
0
0.016226620645663548
0
0
0
0
0
0
0
0
0.16289784825010178
0
0
0
0
0
0.22755615124423517
0
0
0.2919621309983116
0
0
0
0
0
0
0.17842115611435247
0
0.1860903255746022
0
0
0.09339778787292866
0
0
0.20219196758288238
0.032282300419054916
0
0.16289784825010178
0
0
0
0
0
0.36022768962412743
0
0
0.2230458072667892
0.032365915678653524
0.1865230315655657
0.16487599183839413
0
0
0.13000694193884868
0
0
0.11231545181330431
0
0
0.08415881436148843
0
0
0.016268902697787968
0
0
0.209381422452893
0.06385368546122085
0
0
0.016268902697787968
0
0.03257698660840355
0
0
0.19499570935361069
0.04584851108098462
0
0.10340084611420051
0
0
0.0619683621067304
0
0
0
0
0
0.04159394911809519
0
0
0.20962335161879153
0
0.029489204286940827
0.2316144405034995
0
0.03253453812592684
0.20962335161879153
0
0
0
0
0
0.1945424345937505
0
0
0.016226620645663548
0
0
0.08405547613714624
0.016226620645663548
0.016226620645663548
0.016247732373984327
0
0
0.21639693245126462
0
0
0
0.016226620645663548
0.05775821001995365
0
0
0
0.23088567168540458
0
0
0
0
0
0.01644040502634352
0
0.01644040502634352
0.01644040502634352
0
0.01641875681765713
0.12067914321515384
0
0.01646211413294296
0
0.016615805334675052
0
0.033677956381637154
0
0
0.22387950384532135
0
0
0.030670777440983978
0
0
0.3475460849234817
0.016932553142387792
0
0.12613288815550738
0
0
0.2486424194053932
0.03083604630370792
0
0.1267721393961186
0
0
0.8467720598731612
0
0
0.06660463387122448
0
0
0.22471235165130632
0
0
0
0
0
0.08773106915310866
0
0
0.20339994364121372
0
0
0.03390774804488191
0
0
0.016955671451489174
0.016955671451489174
0.016955671451489174
0.07731692043749558
0.016978857125135943
0
0.16117365536675504
0
0
0.043471916485273265
0
0
0.016978857125135943
0
0
0.06643061594144234
0
0
0.19423363282901535
0
0
0.16192233050413046
0
0
0.18625833756208732
0
0
0
0
0
0
0
0
0
0
0
0
0
0
0.8235782514850505
0
0
0
0
0
0.13408901964933914
0.016978857125135943
0
0
0
0
0
0
0
0.2326480456332951
0
0
0
0.016840747579253204
0
0.04307048235072913
0
0
0.20086455003717116
0
0
0.44420543531161005
0
0
0.21639693245126462
0.016863599411791975
0
0.20905980566852453
0
0
0.09731550554190017
0
0
0.033861522749071386
0
0
0.06651750178477334
0
0
0.12888587239155225
0
0
0.20307392998664564
0
0
0.060463156711746596
0
0
0.19470916052223403
0
0
0.20208540718193507
0
0.2098196507690555
0.11699791733354514
0
0
0.016978857125135943
0
0.030794550354109995
0.030794550354109995
0
0
0.19447107677001862
0
0
0.016932553142387792
0.10733542230078828
0
0.033815431529034295
0
0
0.22329280055024397
0
0
0.03062975636336413
0
0
0.18293593201497327
0
0
0.10665711981397288
0
0
0.12518709983403592
0
0
0.22281359786538543
0
0
0.41080680611321246
0
0
0
0
0
0
0.04284465014276004
0
0.04284465014276004
0
0.12214324221829503
0
0
0
0
0
0.029679324366532728
0.016354174968753098
0
0
0.029679324366532728
0.029679324366532728
0
0.016354174968753098
0
0
0.12945711038189056
0
0
0.029679324366532728
0.05820336221278387
0
0.21789954385065996
0
0
0.2031923214074407
0.23950649033664523
0
0.6639057588563917
0
0
0.19590927087360493
0
0
0.19567999814859896
0
0
0.01633276774893347
0
0
0.19545131522071332
0
0
0.14783881046576267
0
0
0.029641090489636965
0
0
0.04180579781557185
0
0
0
0
0
0.11299852839704216
0
0
0
0
0
0.01633276774893347
0
0
0.032662238525890744
0.01633276774893347
0
0
0
0
0
0.016354174968753098
0
0.04185912320216623
0
0
0
0
0.03270504297470217
0
0
0
0.6459079871624053
0
0
0
0
0
0.12214324221829503
0.06417400234899312
0.18805509465754527
0.19590927087360493
0
0
0
0
0
0.11327430349709672
0
0
0.357426776219102
0
0
0.35511303000664873
0
0.01637564204838224
0
0
0
0.03274796709765082
0.14837111956168741
0
0.19613913576241182
0
0
0.1975457587881618
0
0
0
0
0
0.7231422355542887
0
0
0
0
0
0.12258949046143808
0
0
0.12258949046143808
0
0
0.07489129415623012
0
0
0.18872020528454614
0
0
0.19352511327618793
0
0
0
0
0
0.04329889134442189
0
0
0.90164742219136
0
0
0.016932553142387792
0.09756449226286928
0.016932553142387792
0.24987861403104156
0
0
0.01690950189787681
0
0
0.24182824341391362
0
0
0.10454836352391471
0
0
0.20208540718193507
0
0
0.0433564015334894
0
0
0
0
0
0.23236897680824098
0
0
0
0
0
0
0
0
0
0
0
0.016955671451489174
0
0
0.07711660979905606
0
0
0.20289757048784182
0
0.016978857125135943
0.030753173912389797
0
0.01700211046509594
0.016978857125135943
0
0
0.7386650272701814
0
0
0.0170254317749647
0
0
0.8489903949712816
0
0
0
0
0
0
0
0
0.03083604630370792
0
0
0.8242008258784301
0
0
0.24054557893028847
0.055401640676878056
0
0.2025783405415805
0
0
0
0
0
0
0.01700211046509594
0
0.016978857125135943
0
0
0.09781486917809507
0
0
0.11729546341427315
0
0
0.016978857125135943
0
0
0.030794550354109995
0
0
0.01700211046509594
0.016978857125135943
0
0.25433120515816454
0.12661166374683513
0
0
0.030753173912389797
0
0.016955671451489174
0
0
0.2534274536123899
0
0
0.21717952771863122
0
0.016932553142387792
0.14390534479726838
0
0
0.05503793508320906
0
0
0
0
0
0.11670201325810897
0.01690950189787681
0
0.12581589509016325
0.016932553142387792
0
0.3378109284391409
0
0
0.12581589509016325
0.03062975636336413
0
0.267509272908154
0
0
0.29714311289355494
0.04744534675264298
0
0.21639693245126462
0.016863599411791975
0
0
0
0
0.016886517419801163
0
0
0.18625833756208732
0
0
0.13436343814893173
0
0
0.1341963904007586
0
0
0.0430137844820079
0
0
0.016840747579253204
0
0
0.11439224674427968
0
0
0.0165715824048353
0.0165715824048353
0
0.03014651608981277
0
0
0.17472064990136182
0
0
0
0
0
0.20729667588434486
0
0
0.11258073546930145
0.10255045407461423
0
0.0467554551605014
0
0.016638011234698227
0
0
0
0.12410306004160984
0
0
0.21383257419660068
0
0
0.033272581384199605
0
0
0.016615805334675052
0
0
0
0
0
0
0
0
0.18268347272521585
0
0
0
0
0
0.016615805334675052
0
0
0.016638011234698227
0
0
0.059271259374217566
0
0
0.11272352860458384
0
0
0.15017623153903542
0
0
0.10255045407461423
0
0
0.12410306004160984
0
0
0
0
0
0.24480181039151033
0
0
0.15402026527824444
0
0
0.2223566830199773
0
0
0.016593662482830788
0
0
0
0
0
0
0
0
0
0.016660280458851404
0
0.18376244613038256
0.016660280458851404
0
0.20681620129336792
0
0.016638011234698227
0.19969731129043566
0
0
0.2303936250629791
0
0.016638011234698227
0.12872446286757705
0
0
0.22880715090864215
0
0
0.11510327431687081
0
0
0
0
0
0.04284465014276004
0
0
0
0.016705009991525965
0
0.28054031817131725
0.01672747086016023
0.042732686380876794
0
0
0.01672747086016023
0.030386077588269195
0
0
0.214594823885851
0
0
0.016705009991525965
0
0
0
0.01674999617317496
0
0.01674999617317496
0.04719197110185221
0.0167952412709845
0.11596934539742737
0
0
0.7468591225096382
0
0
0
0
0
0.04284465014276004
0
0
0
0
0
0
0
0
0.09281578040935513
0.01672747086016023
0
0
0
0
0
0
0
0
0
0
0.14140883362247525
0
0
0
0
0
0
0
0.01668261328471808
0.11524663873460032
0
0
0.7590183765841366
0.11496029836169212
0
0.04251063620493365
0
0.04251063620493365
0
0
0
0.21383257419660068
0
0.016593662482830788
0.030106981963144836
0
0
0
0.23546852113563918
0
0.19074697256090467
0
0
0
0
0
0.10545940491609888
0
0
0.0165715824048353
0
0
0
0.016593662482830788
0
0.14035283808966767
0
0
0
0
0
0.1822471800986452
0
0
0.14962966268078134
0
0
0.21996324351111357
0
0
0.042400539046741015
0
0
0.19029244959673053
0
0
0
0
0
0.042400539046741015
0
0
0.23519338181924143
0
0
0.0165715824048353
0
0
0
0
0.01654956482796602
0.7182261046570648
0
0
0.06474300285912579
0
0
0
0
0
0
0
0
0.1972974264061384
0
0
0
0
0
0.06449781445764265
0
0
0
0
0
0.07498515348038796
0
0.01612193228720797
0.016142754737828346
0
0
0.016142754737828346
0
0
0.1856598211340469
0
0
0.05732029708981062
0.01610116696198585
0.01610116696198585
0
0
0
0.01612193228720797
0
0
0.01612193228720797
0
0
0.01612193228720797
0
0
0.08354288831032233
0
0
0.20794266719051402
0
0.01612193228720797
0.01612193228720797
0
0
0.12068101401352381
0
0
0.04128046811908642
0
0
0.01612193228720797
0.23625551533241518
0
0.029264474592390774
0
0
0
0
0
0.01612193228720797
0
0
0
0
0
0.03224066506858125
0
0
0.25657422764398385
0
0
0.016142754737828346
0.1860903255746022
0
0.208180945557171
0
0
0.029338975833691713
0
0
0.6442142137378307
0
0
0.057538360014352544
0
0
0.1756874453681909
0
0
0.016163634555377483
0
0
0.029338975833691713
0
0
0
0
0
0.1369534779976733
0
0
0.016163634555377483
0
0
0.12068101401352381
0
0
0.2634827442018698
0
0
0.19429800748986434
0
0.016163634555377483
0.032324050460557384
0
0
0
0
0
0.224511514898608
0
0
0.041384395879042746
0
0
0.029338975833691713
0
0
0.13791155015901643
0
0
0.09328440351069667
0
0
0
0
0
0.04555448962582478
0
0
0
0.04143657108746383
0
0.04154134711183903
0
0
0.11231545181330431
0
0
0.18674021561537218
0
0
0.029451492851171084
0
0
0
0
0
0.09396923545355867
0
0.016268902697787968
0
0
0.016247732373984327
0.13016279066825942
0
0
0
0
0
0
0
0
0
0
0
0.19499570935361069
0.13906630389713126
0
0.08030834577441673
0
0
0.016290131867036716
0
0
0.18739511853702154
0
0
0.05790578067614938
0
0
0
0.09385433836587334
0
0.04573041683906136
0
0
0.02960296198802635
0.01633276774893347
0
0.18739511853702154
0
0
0.01631142013313357
0
0
0.12199527977422833
0.01631142013313357
0
0.17183425229510524
0.016290131867036716
0
0.029564938415632472
0
0
0.23841190084443228
0
0
0.016290131867036716
0
0
0
0
0
0.19522321973609094
0
0
0.2038626452901168
0
0
0.19522321973609094
0.0640134106522171
0
0
0
0
0
0
0
0.016290131867036716
0.016290131867036716
0
0.2456018291634721
0
0
0.14672619294408956
0
0
0.5176467167548946
0
0
0.045848511080984616
0
0
0.029527019328934357
0
0.016268902697787968
0.016268902697787968
0
0
0.053025912258350086
0
0
0
0
0
0.18717625687320816
0.20962335161879153
0
0.13873422009580638
0
0
0.016247732373984327
0
0
0
0
0
0.029451492851171084
0
0
0.016226620645663548
0
0
0.19431666559702934
0
0
0.01620556726429443
0
0
0.041488887967240005
0
0
0.03240789656168603
0
0
0.8223388543556357
0
0
0
0
0.0834411835793158
0.029227375724249976
0
0
0.04117710000606228
0
0
0.03211644234894374
0
0
0.052368329552529264
0
0
0
0
0
0.029153479385980775
0
0
0
0
0
0
0
0
0
0
0
0
0
0
0.2626030194992637
0
0
0.029190377461788847
0
0
0.04117710000606228
0
0
0.3185596236471152
0
0
0.7012851981815031
0.06133537290108648
0
0.029190377461788847
0
0
0.01610116696198585
0
0
0.18523150089449886
0
0
0.016059806728456114
0
0
0.01603921134389958
0
0
0.041074286911020275
0
0
0
0
0
0.041074286911020275
0.01603921134389958
0
0.01603921134389958
0
0
0
0
0
0.01603921134389958
0
0
0.22296407953685912
0
0
0.041074286911020275
0
0
0
0
0
0.052303536715132715
0
0
0.18480534769165372
0
0
0.2623112196143366
0
0
0.04520693918659785
0
0
0.20939018351713568
0
0
0.1697539192205134
0.016059806728456114
0
0.08149636448761931
0
0
0.029190377461788847
0
0
0
0.016059806728456114
0
0
0
0
0.11150754482797035
0
0
0.01610116696198585
0
0
0.21505276707841134
0
0.01612193228720797
0
0
0
0.19341932551676183
0
0
0
0
0.01618457198276597
0.01618457198276597
0
0
0
0
0
0.01618457198276597
0
0
0.06180880981782769
0
0
0.08395241296658601
0
0
0
0.01620556726429443
0
0
0
0
0.029413884585638123
0
0
0.03240789656168603
0
0.08395241296658601
0.1865230315655657
0
0
0.04561297105431107
0
0
0.01620556726429443
0
0
0.19409147246359704
0
0
0
0
0
0.2439577188094725
0
0
0.08384962371951571
0
0
0
0.05276075234790775
0
0.09351147230575951
0
0
0.029376379056829903
0
0
0.09351147230575951
0
0
0.11204473457392772
0
0.01618457198276597
0.14442535902404152
0
0
0
0
0
0.029413884585638123
0
0
0.09408443883267345
0
0
0
0
0
0.07980503531714367
0.029413884585638123
0.016226620645663548
0.6922370347971702
0
0
0.041488887967240005
0
0
0
0
0
0.13807522942333672
0
0
0
0
0.016163634555377483
0
0
0
0
0
0
0.19475479201479046
0
0
0
0
0.01618457198276597
0
0
0
0.01618457198276597
0.01618457198276597
0.06353680588989903
0.3413143725373863
0
0.01618457198276597
0
0
0
0.06353680588989903
0
0
0.05276075234790775
0
0
0
0
0
0
0.6552025214378938
0
0
0
0
0.04143657108746383
0
0
0.05276075234790775
0
0
0.11204473457392772
0
0
0.1863064022846462
0
0
0.2013161110337019
0
0.01620556726429443
0.03240789656168603
0
0
0.029376379056829903
0
0
0.11245134608276885
0
0
0
0
0
0.1096700816545575
0
0.1865230315655657
0.2233007452837511
0.8088967929427991
0.029413884585638123
0.21072406850054912
0
0
0
0
0
0
0
0.06369481957916535
0.18674021561537218
0
0
0.05276075234790775
0
0
0
0
0
0.1537585548925564
0
0
0.01618457198276597
0
0
0.07378451307844076
0
0
0.11177543607282471
0
0
0
0
0
0
0
0
0.21590112392757935
0
0
0.24782754513668864
0
0
0.1936428046838986
0
0
0.7447692903976275
0
0
0.029413884585638123
0
0
0.01618457198276597
0
0
0.09351147230575951
0
0
0.23062220834067693
0
0
0.016226620645663548
0
0
0.1212612977595878
0.08405547613714624
0
0.04154134711183903
0
0
0
0
0
0.19431666559702934
0
0
0.01620556726429443
0
0
0.2703298660807727
0
0
0.20865931215241312
0
0
0.09351147230575951
0
0.01618457198276597
0.029376379056829903
0.029376379056829903
0
0.01618457198276597
0
0
0.13823933432562074
0
0
0.21840554339930923
0.01639716924509439
0
0
0
0
0.11103550455997743
0
0.03279101140900691
0.0995356313985486
0.01646211413294296
0.016483884400772898
0.19823276744517648
0.053838937241008314
0
0.19801947873502385
0.01652760948109761
0
0.04229105344927242
0
0.01668261328471808
0.19120389108158042
0
0
0.03331710917898732
0.016660280458851404
0.016638011234698227
0.2210617004785645
0.01668261328471808
0
0
0.21485024048844414
0
0.01672747086016023
0
0
0
0
0
0
0.1587724767004834
0
0.059271259374217566
0
0
0.708116545281162
0
0
0
0
0
0.09609101283465672
0
0.016660280458851404
0
0
0
0.01668261328471808
0
0.016660280458851404
0
0
0
0.21383257419660068
0
0
0.21383257419660068
0
0
0.016638011234698227
0
0.016638011234698227
0.0651561626366575
0
0
0.054115960833733906
0
0
0
0
0
0.054115960833733906
0
0.016638011234698227
0.18312206830137276
0.016638011234698227
0
0.0468792907006786
0
0
0.08628513837885887
0
0
0
0
0.01668261328471808
0
0
0
0
0
0
0.23629822110369722
0
0.016660280458851404
0.016660280458851404
0.033272581384199605
0
0
0.016615805334675052
0
0
0
0
0.04251063620493365
0
0
0.15857651076876567
0
0
0.7132150602494548
0
0
0.18290248146608756
0
0
0.10545940491609888
0.016660280458851404
0
0.12394986771100759
0
0.016615805334675052
0.2333418108515836
0
0
0.016638011234698227
0
0.016615805334675052
0.24285794780298395
0
0
0.11481770924104448
0
0
0
0.2083013038395561
0
0.07613169094711818
0
0
0.030305771594538792
0
0
0
0
0
0
0.1507271940797833
0
0
0
0
0.030265788895452297
0
0
0.1335327155558973
0
0
0.5156547883021806
0
0
0
0
0
0.1335327155558973
0.09633322448540199
0
0.10598808740545235
0
0
0.265330676463709
0.0654068084755815
0
0.10585537610221575
0.15915589963492155
0
0.054466597481213415
0
0
0.016705009991525965
0
0
0
0
0
0.1921880348716377
0
0
0.09621195286422424
0.3470408278997212
0
0.11524663873460032
0
0
0.13172879455862244
0.016660280458851404
0
0
0
0
0.4981007235149709
0
0
0.18916649560483445
0.046327483962871285
0
0.01646211413294296
0
0
0
0
0
0
0.8195507964356172
0
0.016268902697787968
0
0
0.11021186117131451
0
0
0
0
0
0
0
0
0.24492688497558518
0
0
0
0
0
0
0
0
0
0
0
0.016080458522001788
0
0
0.11137412337290935
0
0
0.041074286911020275
0
0
0
0
0
0.1850181544790954
0
0
0.73590395039807
0
0
0.052368329552529264
0
0
0.016059806728456114
0
0
0.016018672132224805
0
0
0.6932736800244838
0
0
0
0
0
0
0
0
0.18523150089449886
0
0
0
0
0
0
0
0
0.2694287921519043
0
0
0.04122871439723567
0
0
0.01610116696198585
0.01610116696198585
0
0.05249843602318874
0
0
0.18544538906622482
0
0
0
0
0
0
0
0
0.05249843602318874
0
0
0.12908034533061719
0
0
0
0
0
0.05243329574975117
0
0
0.016080458522001788
0
0
0.016080458522001788
0
0
0
0
0
0.16983574641475715
0
0
0.016080458522001788
0
0
0.2287963772118154
0.24365916470292023
0
0.12024976239898608
0.16983574641475715
0
0.12877467732589762
0
0
0
0
0
0
0
0
0.04117710000606228
0
0
0.016080458522001788
0
0.01610116696198585
0
0
0
0.22257440404053933
0
0
0.01612193228720797
0
0
0.01612193228720797
0
0
0.19297406541631035
0
0.01612193228720797
0.04128046811908642
0
0
0.04122871439723567
0
0
0
0
0
0.029190377461788847
0
0
0.052368329552529264
0
0.01603921134389958
0.08323857812031157
0
0
0.17738945318599736
0.016080458522001788
0
0.12892731335540145
0.016080458522001788
0
0.15327926617164744
0
0
0
0
0
0.016059806728456114
0
0
0.12010675827986975
0
0
0.029153479385980775
0
0
0.11818913235098163
0
0.016059806728456114
0
0.016059806728456114
0
0.19275228003424244
0
0
0
0
0.029190377461788847
0.402500987150613
0
0
0.20125070606142215
0
0
0
0.05243329574975117
0
0.324848002392721
0
0
0.20125070606142215
0
0
0
0.016059806728456114
0
0.8691598535493504
0.016080458522001788
0
0.23572312756033736
0.016080458522001788
0
0.21429927924528963
0
0
0.11137412337290935
0
0
0
0
0
0.12010675827986975
0
0
0.016059806728456114
0
0
0
0.19275228003424244
0
0
0
0
0.20062232431271465
0
0
0.1856598211340469
0
0
0
0
0
0.21491698118596006
0
0.10240399115216121
0
0
0
0.10252745273764936
0.21480095991230666
0
0
0.2077049889626956
0.18523150089449886
0.19297406541631035
0.03224066506858125
0
0.11444488878751491
0.01610116696198585
0
0.09283384239727746
0.01603921134389958
0
0.016059806728456114
0
0
0
0
0.041125624368577904
0.016059806728456114
0
0.11124104948299228
0.016080458522001788
0
0
0.21429927924528963
0
0.016059806728456114
0.10215803640865039
0.016059806728456114
0.016059806728456114
0.7498029464196605
0.15374218032876188
0.045264470187313714
0.04520693918659785
0.041125624368577904
0.029190377461788847
0.06322330702175286
0.029153479385980775
0.04102308706283117
0.27497637488305215
0
0
0.01603921134389958
0.029116681080153858
0
0
0
0
0.01603921134389958
0.029153479385980775
0
0
0
0
0.12862243565642703
0
0
0.11426137275169825
0
0
0.18480534769165372
0.0927219401687717
0
0.029116681080153858
0
0
0.01603921134389958
0
0
0.029116681080153858
0
0
0.052303536715132715
0
0
0.20078367032820357
0
0
0.20078367032820357
0
0
0
0
0
0.3122248607010557
0
0
0.11996412487183329
0
0
0.22127905673193232
0.016059806728456114
0
0.34146908176833146
0
0
0.33743395886592514
0.7668729238734364
0
0.04117710000606228
0
0
0.032157736512233956
0.016080458522001788
0
0.0631454540252202
0.20746790852802602
0
0.029190377461788847
0
0
0.29159818088397393
0
0
0.016080458522001788
0
0
0.045264470187313714
0
0
0.200162716748367
0
0
0.09373974631156233
0
0
0.09328440351069667
0
0
0.06377414555321256
0
0
0.25286891080254004
0
0
0.2013161110337019
0
0
0.01618457198276597
0
0
0.4253461766106045
0
0
0.029413884585638123
0
0
0
0
0
0
0
0
0
0
0
0.016226620645663548
0
0
0
0.1212612977595878
0
0.12850937400566972
0
0
0
0
0
0
0
0
0
0
0
0
0
0
0.18674021561537218
0
0
0.04567161323202415
0
0
0.06369481957916535
0.016226620645663548
0
0.04154134711183903
0
0
0
0.20178157935455582
0
0.029451492851171084
0
0
0.08405547613714624
0
0
0.367655683869928
0
0
0
0.016226620645663548
0
0.16314156367713514
0
0.016226620645663548
0
0
0
0.016247732373984327
0
0
0
0
0
0.016226620645663548
0.016226620645663548
0
0.20178157935455582
0
0.01620556726429443
0.24421074016712613
0.041488887967240005
0
0.07396651057179916
0
0
0
0
0
0.05282677388968397
0.08395241296658601
0
0.11920080724834901
0
0
0
0
0.01620556726429443
0
0
0
0.0636157066520725
0.01620556726429443
0
0.07387731289799067
0.01620556726429443
0
0.05282677388968397
0
0
0
0.032365915678653524
0
0.33875050514392196
0
0
0.07387539038888603
0
0
0.029376379056829903
0
0
0.10289979015533357
0
0
0
0
0
0.07387539038888603
0.06353680588989903
0
0.06353680588989903
0
0
0.09351147230575951
0
0
0.041384395879042746
0.06345811641554695
0
0.029338975833691713
0
0
0.09988810958277458
0.052629241684359104
0
0.1858747992492287
0.016142754737828346
0
0
0.016142754737828346
0
0.22253785246477348
0.016142754737828346
0
0.129387603504267
0
0.029264474592390774
0
0
0
0.016080458522001788
0.20746790852802602
0
0
0
0
0.20039223036512166
0
0
0.01610116696198585
0
0
0.1863064022846462
0
0
0.029227375724249976
0
0
0.029227375724249976
0
0
0
0
0
0.029227375724249976
0.01610116696198585
0
0
0
0
0.01610116696198585
0
0
0
0
0
0.23989572412683174
0.11164131525606416
0
0.1453169947148318
0
0
0.09328440351069667
0
0
0.11290137384432455
0
0
0.016142754737828346
0
0
0.5646530547497948
0
0.029301674487609314
0.13791155015901643
0
0
0.14372088421122658
0
0
0.05256375109324406
0
0
0.01612193228720797
0
0
0.029264474592390774
0
0
0.099642323271675
0
0
0.17042992165919724
0
0
0.20062232431271465
0
0
0.01612193228720797
0
0
0.03224066506858125
0
0
0
0
0
0.029264474592390774
0
0
0
0
0
0.01612193228720797
0
0
0.19319641317100758
0
0
0.20062232431271465
0
0
0.17800689613931447
0
0
0.01612193228720797
0
0
0.03224066506858125
0
0.01612193228720797
0.01612193228720797
0
0
0
0
0
0.01612193228720797
0
0.01618457198276597
0.13823933432562074
0
0
0
0
0
0
0
0.016163634555377483
0
0
0
0.029641090489636965
0
0
0.01633276774893347
0
0
0
0.016354174968753098
0
0.08467967129566563
0
0.016354174968753098
0.08478468393638774
0
0
0
0
0.01641875681765713
0.01641875681765713
0
0.01644040502634352
0.085101425467407
0
0
0
0
0
0.04212796033152453
0
0
0.19706456474306053
0
0
0
0.016483884400772898
0
0
0
0
0.042400539046741015
0
0
0.21307626813169783
0.0165715824048353
0.01654956482796602
0
0.1822471800986452
0
0.01654956482796602
0
0
0.030028246032793852
0.053907905965376854
0.03309573069537054
0.08563507845691988
0
0
0
0.01654956482796602
0.02998904327563645
0.01652760948109761
0
0
0.20309525311977406
0.15740747921723683
0.04234572013045733
0
0
0
0
0.01654956482796602
0
0.21282547448566932
0.03309573069537054
0
0.18984030273507962
0.2125753306367692
0
0.23193518569408764
0.01652760948109761
0
0.08552776717173144
0.22746905864633904
0.22720350904355072
0
0.01652760948109761
0
0.04229105344927242
0
0
0.07536315460388979
0.01654956482796602
0
0.14092433152538006
0.03309573069537054
0.0165715824048353
0
0.01652760948109761
0
0.22773529417302996
0.03313975539076461
0
0.016593662482830788
0.0165715824048353
0
0.09608917138649371
0
0
0.030028246032793852
0
0
0.02998904327563645
0
0
0.11439224674427968
0.03305183041193048
0
0.41135364835758276
0.04223653835283453
0
0
0
0
0.05363316840061028
0
0
0.03292087066115385
0.01646211413294296
0
1.128567583242069
0
0.01644040502634352
0.11488763288908757
0
0
0.20414495539203442
0
0
0
0
0
0.2261481152303238
0.042073896124598394
0
0.10441907800540785
0
0
0.01641875681765713
0
0
0.042073896124598394
0
0
0.04626702778694766
0
0
0.03287746266897758
0
0
0.20507466987898793
0
0
0.09128995109822675
0
0
0.23500020215819664
0
0
0.029794662748215753
0
0
0
0
0
0.01644040502634352
0
0
0
0
0
0.28434018283963636
0
0
0
0
0.01646211413294296
0.01646211413294296
0
0
0.24033474798495238
0
0
0.01644040502634352
0
0
0.02983332263853618
0
0
0.21739612237921943
0
0
0.03261955323991172
0.01633276774893347
0
0.21739612237921943
0
0
0.13063279721744064
0
0
0.21059726196888684
0
0
0.16444413026662116
0
0
0.12214324221829503
0
0
0.18783453516477325
0.10378014009603936
0
0
0
0.01633276774893347
0.18783453516477325
0
0
0.13812269496049281
0
0
0.016290131867036716
0
0
0.17988790931875787
0
0
0.23928419589823136
0
0
0.15556286259996746
0.016268902697787968
0
0.09396923545355867
0
0.029489204286940827
0
0
0
0.23088567168540458
0
0
0.08415881436148843
0
0
0
0
0
0.18674021561537218
0.016226620645663548
0
0.13856882792884262
0
0
0.7522032412920107
0.21614871472007177
0
0.03240789656168603
0
0
0.1863064022846462
0
0
0.029376379056829903
0
0
0
0
0.016226620645663548
0.03244999360079627
0
0
0.209381422452893
0
0
0.03244999360079627
0
0
0.08405547613714624
0
0.01620556726429443
0.2643690148539291
0
0
0
0
0
0.01620556726429443
0
0
0.13016279066825942
0.016247732373984327
0.016247732373984327
0.016247732373984327
0
0
0.04169958411989506
0
0
0
0
0
0.21035285040550697
0
0.01633276774893347
0
0
0
0.18783453516477325
0
0
0.10403469105822565
0
0
0.09443189940509064
0.27961040382679475
0
0
0
0
0.10378014009603936
0
0
0
0
0
0
0
0
0
0.016354174968753098
0
0.05329396357763027
0.12214324221829503
0
0.029679324366532728
0
0
0
0
0
0.07470433715479614
0.01637564204838224
0
0.01637564204838224
0
0
0.18805509465754527
0
0
0.08467967129566563
0
0
0
0
0
0.016354174968753098
0
0
0
0
0
0.08488997972267116
0
0
0.01637564204838224
0
0
0.13973571890492698
0
0
0.22510347939790187
0
0
0.06963488052514563
0.01637564204838224
0
0.19567999814859896
0
0
0.1131362327033009
0
0
0.18805509465754527
0
0
0.09443189940509064
0
0
0.25108263454335916
0
0
0
0
0.10390724581685452
0.1131362327033009
0
0
0.029679324366532728
0
0
0
0
0.016354174968753098
0
0.016354174968753098
0
0.21084230031853213
0.01639716924509439
0
0.24069518313578925
0
0
0.01639716924509439
0
0
0.18849792741572996
0
0
0.2470105494306791
0
0
0
0
0
0.2024945199106804
0.01641875681765713
0
0.053496928939274865
0
0
0.08467967129566563
0
0
0.2031923214074407
0
0
0.016354174968753098
0
0
0.19545131522071332
0
0
0
0
0
0.15593269087674375
0
0
0.01631142013313357
0
0
0.01631142013313357
0
0
0.27452379565266327
0
0
0
0
0
0
0.1792560669283215
0
0.016247732373984327
0
0
0.1125875994003927
0
0
0.04164669458623373
0.2814305860627779
0
0.23841190084443228
0
0
0
0
0
0.1125875994003927
0.016268902697787968
0
0.04159394911809519
0
0
0.05790578067614938
0
0
0
0.22389934093978983
0
0.016247732373984327
0
0
0.08426242877623302
0
0
0.11231545181330431
0.016226620645663548
0
0.2378687373421626
0.209381422452893
0
0
0
0
0.1792560669283215
0
0
0.11245134608276885
0
0
0
0
0
0.04164669458623373
0
0
0
0
0
0
0
0.016290131867036716
0.13906630389713126
0
0
0.10385887406712083
0
0
0
0
0
0.12170052569206094
0
0
0.18717625687320816
0
0
0.17946613848612492
0.06385368546122085
0.13778642008053754
0.12898134927058
0
0
0.029527019328934357
0
0
0.016268902697787968
0
0
0
0
0
0.1465484152497302
0
0
0
0
0
0.20338222406407713
0
0
0.23168006414523512
0
0
0.24532221189560394
0
0
0
0
0
0
0
0
0
0
0
0
0
0
0
0
0
0
0
0
0
0
0
0
0
0
0
0
0
0
0
0
0
0
0
0
0
0
0
0
0
0
0
0
0
0
0
0
0
0
0
0
0
0
0
0
0
0
0
0
0
0
0
0
0
0
0
0
0
0
0
0
0
0
0
0
0
0
0
0
0
0
0
0
0
0
0.12961654685139992
0
0.18138142899621135
0
0
0
0.0165715824048353
0
0
0.0165715824048353
0
0
0
0
0
0.2058359694459293
0
0
0
0
0
0.20729667588434486
0
0
0.10532813038413406
0.016593662482830788
0
0.10559103637519526
0
0
0
0
0
0.07622895484394364
0
0
0.09621195286422424
0
0
0.16743207050818854
0.9025484304987185
0.04267694018303706
0.01668261328471808
0.19143325481419343
0
0.01672747086016023
0
0
0
0
0
0.19918236695775415
0
0
0.030305771594538792
0
0
0.030386077588269195
0
0
0.04284465014276004
0
0
0
0
0
0.054466597481213415
0
0
0.05950559204307139
0.030386077588269195
0
0.2001397972173467
0
0
0.14266129137177336
0
0
0.7810084857234483
0
0
0
0
0
0.01674999617317496
0
0
0.19235679757498017
0
0.01672747086016023
0.04307048235072913
0.01674999617317496
0
0
0.016772586214806165
0
0.05460822920643606
0
0
0.18400624425470907
0
0
0.3176123946485081
0.01672747086016023
0.01674999617317496
0
0.016705009991525965
0
0
0
0
0.05950559204307139
0
0
0.12456512873946222
0.09633322448540199
0
0
0
0
0.030386077588269195
0
0
0.016772586214806165
0
0
0.27045266634438997
0.17620421740403625
0
0
0.016705009991525965
0
0.24399826954851161
0
0
0
0
0
0.14231015777765021
0
0
0.01672747086016023
0
0
0.15915589963492155
0
0
0
0
0
0
0
0
0.016615805334675052
0
0
0.14070292361632178
0
0
0.016638011234698227
0
0.016615805334675052
0
0
0
0
0
0
0.046755455160501405
0.016638011234698227
0
0.016638011234698227
0.033272581384199605
0
0.19097513115237008
0.1987074223264627
0.016660280458851404
0.19277908398808405
0
0
0.19097513115237008
0
0.016615805334675052
0.18312206830137276
0
0
0.13303964861069895
0.016638011234698227
0
0
0
0
0.3037657068776639
0
0
0.19894458257268427
0
0
0.13287617621806422
0
0
0
0
0.0165715824048353
0.030225919070795665
0
0
0.12364471852212987
0
0
0.19799966107387568
0
0
0
0
0
0.029717664067347795
0
0.03322818018842602
0.08478468393638774
0
0.029641090489636965
0.01633276774893347
0.01618457198276597
0
0.05276075234790775
0
0
0.01618457198276597
0
0
0.21565415761608447
0.029338975833691713
0
0.05276075234790775
0
0
0.2013161110337019
0
0
0.2300972672331179
0.01618457198276597
0
0
0
0
0.23705909579312237
0
0
0
0.17883754072069513
0
0.01620556726429443
0
0
0.07396651057179916
0
0
0.029413884585638123
0
0
0
0
0
0.016268902697787968
0
0
0.016268902697787968
0
0
0.19737272110274826
0
0
0
0
0
0
0
0
0.1394001320832372
0.016354174968753098
0
0.07142706143873731
0.35800791588229197
0
0.04185912320216623
0
0
0.04602688039152096
0
0
0.2299968235797881
0.01637564204838224
0
0
0
0
0.20458796654378542
0
0
0.01637564204838224
0
0
0
0.1726482042865341
0
0.04191259510349149
0
0
0.05336143389814478
0
0
0
0
0
0
0.20366741151739826
0
0.16483575019489521
0
0
0.01637564204838224
0
0
0.04191259510349149
0
0
0.01637564204838224
0
0
0
0.1807380231285758
0
0.33335989697665624
0
0
0.15667816268644152
0
0
0.01639716924509439
0
0
0.06433546783023263
0
0
0.8279781016218561
0
0
0.04620674006008607
0
0
0
0
0
0
0
0
0
0
0
0.17367763706108366
0
0
0
0.016483884400772898
0
0.04638810931235067
0
0
0
0
0
0.08531401806811031
0
0
0.23663357907783844
0
0
0.08531401806811031
0
0
0.131744048041152
0
0
0.016483884400772898
0.01646211413294296
0.2547532314103221
0.05370156926324216
0
0
0
0
0
0.14908743338447752
0
0
0
0
0
0
0
0.01646211413294296
0.02987209017334897
0
0
0.04212796033152453
0
0
0.19706456474306053
0
0
0.18961511432189215
0
0
0.01650571609468906
0
0
0.02994995002612146
0
0
0.06466104967715193
0.10467705956182585
0
0
0
0
0.20462497278093758
0.016483884400772898
0
0.01646211413294296
0
0
0
0
0
0.20809078586500068
0.01650571609468906
0
0.1017742184957201
0
0
0.9327556552448891
0
0.01650571609468906
0
0
0
0.05973072937622004
0
0
0.01646211413294296
0
0
0.01650571609468906
0
0
0.01650571609468906
0
0
0.016483884400772898
0
0
0.07517363911829682
0
0
0.01644040502634352
0
0
0.02987209017334897
0
0
0
0.02991096581440153
0
0.20438465365443367
0
0
0.05835338693458324
0
0.01637564204838224
0.01637564204838224
0
0
0.28047835388172926
0
0
0.09443189940509064
0
0
0.18783453516477325
0
0
0.23868451135100135
0
0
0.03253453812592684
0
0
0.016290131867036716
0
0.32204889923750424
0.06393344019520349
0
0
0
0.01633276774893347
0.01633276774893347
0.1476623022841604
0
0
0.05805416244672111
0
0
0.21010906314028982
0
0
0.01631142013313357
0
0
0.10088452413327631
0
0
0.053226677022038024
0.04180579781557185
0
0
0
0
0.09408443883267345
0.029564938415632472
0
0.04584851108098462
0
0
0.08436632052437391
0
0
0.1476623022841604
0.01631142013313357
0.18761454388145435
0.18761454388145435
0
0
0.045967259299202465
0.04180579781557185
0
0
0
0
0.31057007865242153
0
0
0.18761454388145435
0
0
0
0
0
0.02960296198802635
0.01631142013313357
0.18829180332283907
0.01631142013313357
0
0
0.19499570935361069
0.016290131867036716
0
0.35155201176789225
0
0
0.18739511853702154
0
0
0.11272421323755784
0
0
0.2024842443736956
0
0
0
0
0
0.09408443883267345
0.1235966243051386
0
0
0
0
0.22432696034508792
0
0
0.19499570935361069
0
0
0.029564938415632472
0
0
0.029564938415632472
0
0
0
0
0
0.27866980356389914
0
0
0
0
0
0
0
0
0
0
0
0.23168006414523512
0
0
0
0
0
0.01639716924509439
0
0
0.23274869165030915
0
0
0.03279101140900691
0
0
0.23301755161896773
0
0.01641875681765713
0.22602869553068639
0
0
0.01639716924509439
0.01639716924509439
0
0.30642472987051494
0
0
0.19636959519461236
0
0.01641875681765713
0.12258949046143808
0
0
0.10429060573460064
0
0
0.029794662748215753
0
0
0.6656849999074911
0
0
0.24486683990934952
0
0
0.19636959519461236
0
0
0.24097957811456555
0.7327525499549904
0
0.18872020528454614
0
0
0.06449781445764265
0.01644040502634352
0
0
0.01644040502634352
0
0.02983332263853618
0
0
0.18894306056979576
0
0.042073896124598394
0.21158120116887305
0
0
0.053564955223670094
0.11369072997525806
0
0.01644040502634352
0
0
0
0
0
0.2332870982335973
0
0
0.15926233051981803
0
0
0
0
0
0.15705383784646
0
0
0.01641875681765713
0
0.01641875681765713
0
0.01641875681765713
0
0
0
0
0
0
0
0.18116640155354563
0
0
0
0
0
0.02983332263853618
0
0
0
0
0
0.1945424345937505
0
0
0
0
0
0.27154172746796856
0
0
0.029413884585638123
0.029413884585638123
0
0.01620556726429443
0
0
0.12985150050082356
0
0
0.2580186686648155
0
0
0.1938668529147223
0
0
0.21590112392757935
0
0
0.1863064022846462
0
0
0
0
0
0
0
0
0.2088994051352857
0
0
0.029413884585638123
0
0
0.12111565634114688
0
0.029451492851171084
0.01620556726429443
0
0
0.0636157066520725
0
0
0
0
0
0
0
0
0.19429800748986434
0
0
0
0
0
0.01618457198276597
0
0
0.01618457198276597
0
0
0.32029372479346896
0
0
0.04133236175185219
0
0
0.04117710000606228
0
0
0.16983574641475715
0
0
0.10228085281187643
0
0
0.09305853011048486
0
0
0.19297406541631035
0
0.01610116696198585
0.1362949724112525
0.029190377461788847
0.016080458522001788
0.26896209408570354
0
0
0
0
0.23948336314728652
0.029190377461788847
0
0
0.09294603864556675
0
0
0.11262366508764053
0.01610116696198585
0
0.15245501930111477
0
0
0.11137412337290935
0
0
0
0.200162716748367
0.016080458522001788
0.16983574641475715
0
0
0
0.029190377461788847
0.029190377461788847
0.22178068598513934
0
0
0.016059806728456114
0.05243329574975117
0
0.206995531717441
0
0
0.3143398906548588
0
0.029116681080153858
0
0.04514956428108457
0.1923103875732936
0.029153479385980775
0
0
0.20828545690940395
0
0
0.11516844087608755
0
0
0.01603921134389958
0
0
0.21174347046779324
0
0
0.07324429399584231
0
0
0.4948461989184717
0
0
0
0
0
0
0
0
0
0
0
0
0
0
0.19339144741163836
0
0
0.12877467732589762
0
0
0.18564394463000602
0
0
0.029301674487609314
0.016142754737828346
0
0.4702545539356999
0.016142754737828346
0
0.23679056567725154
0
0
0
0
0.01631142013313357
0.0640134106522171
0.01631142013313357
0
0.01631142013313357
0
0
0.016290131867036716
0.25889400181002714
0
0.24532221189560394
0.016290131867036716
0.016268902697787968
0.18717625687320816
0
0
0.016290131867036716
0.016268902697787968
0
0.016290131867036716
0
0
0
0
0.016268902697787968
0.04164669458623373
0
0.016290131867036716
0.01631142013313357
0
0
0.04169958411989506
0
0
0
0
0.016268902697787968
0.22581921258022236
0
0
0
0
0
0
0
0.03244999360079627
0.2316144405034995
0.016226620645663548
0
0.2116293893561914
0
0
0.12866628132482688
0
0
0.029451492851171084
0
0
0
0
0
0.016226620645663548
0
0.016226620645663548
0.23136538786672153
0
0
0
0
0
0.029451492851171084
0
0
0.11231545181330431
0
0
0.19431666559702934
0
0
0
0
0
0.13000694193884868
0
0.016226620645663548
0
0
0
0
0
0
0.14696086054196766
0
0.09362545803956356
0
0
0
0.08395241296658601
0
0
0
0
0
0.18674021561537218
0.1125875994003927
0.016226620645663548
0.04154134711183903
0
0
0
0.04154134711183903
0
0
0
0
0.016226620645663548
0
0
0
0
0
0
0
0
0.2580186686648155
0
0
0.21542945333101166
0
0
0.9002872260038662
0
0
0.016226620645663548
0
0
0.016226620645663548
0
0
0.016226620645663548
0
0.016226620645663548
0.016226620645663548
0
0.016226620645663548
0.016247732373984327
0
0
0
0
0
0.16458206456103264
0
0
0.04154134711183903
0
0
0
0.016247732373984327
0
0.04159394911809519
0
0
0
0
0
0.20914010776574216
0
0
0.016226620645663548
0
0
0.19409147246359704
0
0
0.09362545803956356
0
0
0.1936428046838986
0
0.016163634555377483
0.1945261057678358
0
0
0.1863064022846462
0
0
0.1860903255746022
0
0
0.15446482212627793
0
0
0.10940135067652011
0
0
0.09351147230575951
0
0
0.05269490852504428
0
0
0.12819680412925982
0
0
0.04143657108746383
0
0
0
0
0
0.27063170825883043
0
0
0
0
0
0
0.1936428046838986
0
0.2300972672331179
0
0
0.1938668529147223
0
0
0.20841982642087006
0
0
0.016163634555377483
0
0
0.15482894352655235
0.2961585879337508
0
0.1938668529147223
0
0
0.05276075234790775
0
0
0.20841982642087006
0
0
0.016163634555377483
0
0
0.14584197457551656
0
0
0.057611443675017665
0
0
0.08384962371951571
0
0
0.032365915678653524
0.04143657108746383
0
0.01618457198276597
0
0
0.10001149554282496
0
0
0
0
0
0.2024287948314923
0
0
0.14661286840370497
0
0
0
0
0
0
0
0
0.1936428046838986
0
0
0
0
0
0.18544538906622482
0
0
0.12039313872415314
0
0
0
0
0
0
0
0
0
0
0
0.22099605767623054
0
0
0.11177543607282471
0
0
0
0
0.029413884585638123
0.029489204286940827
0.09454834067208458
0
0.19590927087360493
0
0
0.03274796709765082
0.27369168698690616
0
0.2110879679560276
0
0
0.02983332263853618
0
0.053496928939274865
0.1315840337485069
0
0.01639716924509439
0.21840554339930923
0
0
0
0.029794662748215753
0
0.11341274229133774
0.19636959519461236
0
0.13990417630075325
0.05342908875880702
0
0.03279101140900691
0
0
0.01641875681765713
0.04196621414063691
0
0.2110879679560276
0
0
0
0
0.1803118649905484
0.18052466764205782
0.6893654089883103
0
0.5653445625885951
0.18761454388145435
0.2689608400009444
0.016268902697787968
0.07424133842669783
0
0
0
0
0
0
0
0.029527019328934357
0
0.20224942454769884
0.016268902697787968
0
0
0
0
0
0.08426242877623302
0
0
0.03253453812592684
0
0
0
0
0
0.1125875994003927
0
0
0.10050835657475685
0
0
0.016268902697787968
0
0
0
0
0
0
0
0
0.6261776539736494
0
0
0.016290131867036716
0
0
0.01631142013313357
0
0
0.7047100656850899
0
0
0.13063279721744064
0
0.17988790931875787
0.01631142013313357
0
0
0.04185912320216623
0
0
0.04191259510349149
0.016354174968753098
0
0.6423553633632929
0
0
0.029679324366532728
0
0
0.01637564204838224
0
0
0
0
0
0.131424443733829
0.05342908875880702
0
0.21840554339930923
0.09466509462743153
0
0.10403469105822565
0
0
0.1297764109745002
0.029717664067347795
0.01639716924509439
0.04185912320216623
0
0
0.11299852839704216
0
0
0
0
0
0.2552031937778087
0.20295569040092323
0
0.03253453812592684
0
0.016226620645663548
0
0
0
0.057611443675017665
0
0
0.1860903255746022
0.08395241296658601
0
0.1858747992492287
0.2154078133409464
0
0.016142754737828346
0
0
0.23120919828687322
0.06322330702175286
0
0
0
0
0.04097202425663312
0.18459307841514883
0
0.18459307841514883
0
0
0.17698043173412858
0
0
0.17698043173412858
0
0.016018672132224805
0.041125624368577904
0
0
0
0
0
0
0.016059806728456114
0
0.06841542352154095
0
0
0.19275228003424244
0
0
0.04117710000606228
0
0
0
0
0
0.21491698118596006
0
0
0.04122871439723567
0
0
0.1700332988737366
0
0
0.2077049889626956
0
0
0
0
0
0
0
0
0
0
0.01612193228720797
0.05256375109324406
0.1858747992492287
0.2154078133409464
0
0
0
0.10265123888370223
0
0
0.8719763459057981
0
0.03240789656168603
0.016268902697787968
0
0
0.9492921046014053
0
0
0
0
0
0.029489204286940827
0
0
0.209381422452893
0
0
0.15493921858102672
0
0
0.8347381948488277
0
0
0
0.016226620645663548
0
0.016247732373984327
0
0
0.029489204286940827
0
0
0.18674021561537218
0
0
0.20914010776574216
0
0
0.01620556726429443
0
0
0.13063279721744064
0
0
0
0
0
0.01631142013313357
0
0
0.029641090489636965
0
0
0.13990417630075325
0
0
0.042073896124598394
0
0
0.18872020528454614
0
0
0.04212796033152453
0
0
0.7756654918593899
0
0
0.18116640155354563
0
0
0.029794662748215753
0
0
0.28348212005506723
0
0
0.01641875681765713
0
0
0.05342908875880702
0.1041624772261674
0
0.23274869165030915
0
0
0
0
0
0
0
0
0.32948340954034916
0
0
0.1803118649905484
0
0
0.2730735761733819
0
0
0
0
0.19567999814859896
0.2730735761733819
0
0
0
0
0
0.08488997972267116
0
0
0.01639716924509439
0
0
0
0.01637564204838224
0.01637564204838224
0.01637564204838224
0
0
0.28231058975556095
0.11327430349709672
0
0.10113700058965545
0
0
0
0
0
0.01637564204838224
0
0
0.12961654685139992
0
0
0.11341274229133774
0.13990417630075325
0
0.11341274229133774
0
0
0.01637564204838224
0.18052466764205782
0
0.01637564204838224
0.23248051561222705
0
0
0.2110879679560276
0
0.01639716924509439
0
0.18894306056979576
0.04626702778694766
0.2937864240415614
0
0
0
0.01644040502634352
0.05850424365264502
0
0
0.042182174194543856
0
0
0.02987209017334897
0.02987209017334897
0.016483884400772898
0.016483884400772898
0
0.21207698189326968
0.2058095099985096
0
0.01650571609468906
0
0.18916649560483445
0.01646211413294296
0.02987209017334897
0
0.02991096581440153
0.016483884400772898
0.01646211413294296
0.01646211413294296
0.05363316840061028
0.03292087066115385
0.01646211413294296
0.2335573342242475
0
0
0
0.02987209017334897
0
0
0
0
0.1405824749464114
0
0
0.2134800933620165
0
0
0.01646211413294296
0
0
0
0.01646211413294296
0
0.11383028193340519
0
0
0
0
0
0.1041624772261674
0.01637564204838224
0
0.09454834067208458
0
0
0
0
0
0.03274796709765082
0
0
0
0
0
0.21921815211497314
0
0
0.08426242877623302
0
0
0.03253453812592684
0.016247732373984327
0.029489204286940827
0.11245134608276885
0
0.18695795664396403
0.13031904834573513
0
0
0
0
0
0.08426242877623302
0.016268902697787968
0
0
0.016268902697787968
0
0.029527019328934357
0
0.016268902697787968
0
0.016268902697787968
0
0.016268902697787968
0.016268902697787968
0
0.016290131867036716
0
0
0.016290131867036716
0
0
0.053092652126686124
0
0
0.03257698660840355
0
0
0
0
0
0.06936964572899387
0
0
0.029564938415632472
0
0
0
0
0
0.2456018291634721
0
0
0
0
0
0.7605528900533061
0
0
0.12170052569206094
0.029564938415632472
0
0.06936964572899387
0
0
0.04169958411989506
0
0
0.18717625687320816
0.016268902697787968
0.016290131867036716
0.02960296198802635
0
0.016268902697787968
0.016268902697787968
0
0
0.21010906314028982
0
0
0.7465548475971886
0
0
0.01631142013313357
0
0.016886517419801163
0.054965811223113545
0.01690950189787681
0
0
0
0
0.21060130147384062
0
0
0.016932553142387792
0
0
0
0
0
0
0.21796839152414052
0.23488955812175955
0
0
0
0.21242914923161893
0
0
0.017072279528030435
0
0
0.18740729402522655
0
0
0.1081619043625832
0
0
0.2033227277016998
0
0
0.030961256534490455
0.01711940285017444
0
0.2507547401548767
0
0
0.14223659438662742
0
0
0.10830100219320252
0.017072279528030435
0
0.08818663060641481
0
0
0.750233348366264
0
0
0.030961256534490455
0
0
0.03100323586643739
0
0.017072279528030435
0.04370494519645298
0
0
0.2510070885199519
0.1177448923125111
0
0.22631945175382084
0
0
0.017095806587680572
0
0
0.017072279528030435
0.017072279528030435
0
0.12725624436901384
0
0
0.03418794924223357
0
0
0.19566794752158798
0.017095806587680572
0
0.04370494519645298
0
0
0
0.017095806587680572
0.017095806587680572
0.017095806587680572
0
0
0.2190300966708805
0
0
0.13657721629802896
0
0
0.0440000403880616
0
0
0
0
0
0.031172380687192587
0
0
0.034425249404549246
0.017214486216241363
0
0.017214486216241363
0
0.017214486216241363
0
0.055919636698743044
0
0
0
0
0
0
0
0.1282366801559177
0
0
0.27917058367430225
0
0
0.15549702407232444
0
0
0.1379796982355039
0
0
0.07379222254017494
0
0
0.290059927009352
0
0
0.07864696969098416
0
0
0.01731070221118949
0.01731070221118949
0.01731070221118949
0.2233625856829573
0
0
0.044239223495003366
0
0
0
0
0
0
0
0
0.04417916569785971
0.01728654089741524
0
0.03138661531250241
0
0
0
0
0
0.07550007198145717
0
0
0.1556947231880848
0
0
0.18105279017925208
0.01726245134443105
0
0.2532262312866732
0.01726245134443105
0
0.031343516169554456
0.01726245134443105
0
0.01726245134443105
0
0
0.01726245134443105
0
0
0.01728654089741524
0.01728654089741524
0
0.23990359611769935
0
0
0.8068351246456333
0
0
0
0
0
0
0
0
0
0
0
0.1643790586740574
0.01726245134443105
0
0
0
0
0.031172380687192587
0
0
0
0
0
0.055919636698743044
0
0
0
0
0
0.19518725820525998
0
0
0.030961256534490455
0
0
0.11536273904140801
0.01704882136017897
0
0.029794662748215753
0.029794662748215753
0
0.01641875681765713
0
0
0
0
0
0.10378014009603936
0
0
0.04180579781557185
0
0
0.01633276774893347
0
0
0.02960296198802635
0
0
0.23168006414523512
0
0
0.18761454388145435
0.18761454388145435
0
0.02960296198802635
0
0
0
0
0
0
0.08447049075532355
0.01631142013313357
0.01631142013313357
0
0
0.04175261832615954
0
0
0.01631142013313357
0
0
0.20152669237945184
0
0
0.01631142013313357
0
0
0.03261955323991172
0
0
0.01633276774893347
0.01631142013313357
0
0
0
0
0.24588215165281585
0
0
0.01631142013313357
0
0
0
0
0
0
0
0
0
0
0
0.029641090489636965
0
0
0.01633276774893347
0.01631142013313357
0
0
0
0
0
0
0
0.016268902697787968
0.016247732373984327
0
0.016268902697787968
0.016268902697787968
0.016247732373984327
0
0
0
0.13016279066825942
0
0.437614614847403
0
0
0
0.22279151049501061
0
0
0.041384395879042746
0
0
0
0
0
0.1860903255746022
0.1858747992492287
0.029413884585638123
0.05282677388968397
0
0.01618457198276597
0.029376379056829903
0
0
0
0
0
0.2300972672331179
0
0
0
0
0
0
0
0
0
0
0
0.04555448962582478
0
0
0
0
0
0.05282677388968397
0
0
0.029451492851171084
0
0
0.04567161323202415
0
0
0.09373974631156233
0
0
0
0.016226620645663548
0.016226620645663548
0.20914010776574216
0
0
0.029413884585638123
0
0
0
0.016226620645663548
0
0.09373974631156233
0
0.17102868080925504
0.1865230315655657
0.029413884585638123
0
0.35513927507535725
0.49774474393445894
0.01620556726429443
0.2088994051352857
0
0
0.029413884585638123
0
0
0
0
0
0
0
0
0.06353680588989903
0
0
0.06345811641554695
0
0
0
0
0
0.11190990870168403
0.13807522942333672
0
0.09328440351069667
0
0.016163634555377483
0.07387539038888603
0
0
0.016163634555377483
0
0
0.029338975833691713
0
0
0.17842115611435247
0.016163634555377483
0.016163634555377483
0.029338975833691713
0.041384395879042746
0
0.75847672446163
0
0
0
0
0.016142754737828346
0
0
0
0.07950629869970095
0
0
0.1858747992492287
0.016142754737828346
0
0.2154078133409464
0
0
0
0
0
0.016142754737828346
0.016142754737828346
0
0.09328440351069667
0
0
0.016142754737828346
0
0
0.2548260428788503
0
0
0.029264474592390774
0.01612193228720797
0
0.08354288831032233
0
0
0.20794266719051402
0.01612193228720797
0
0
0
0
0.01612193228720797
0
0
0.08354288831032233
0
0
0.01612193228720797
0
0
0.2829047929798921
0
0
0.07360348308562405
0.20794266719051402
0
0.06330136784638674
0
0
0
0
0
0
0.016142754737828346
0.029301674487609314
0.041384395879042746
0
0
0.029301674487609314
0.09328440351069667
0
0.029301674487609314
0
0
0.13774829482319442
0.01612193228720797
0.029264474592390774
0.7212265055713226
0
0
0
0
0
0.029264474592390774
0
0
0.0453221579368545
0.01610116696198585
0
0.6593968876802225
0
0
0
0
0.01612193228720797
0
0.029227375724249976
0.01610116696198585
0.05256375109324406
0
0.0834411835793158
0
0.05249843602318874
0.016142754737828346
0.01610116696198585
0
0
0.07360348308562405
0
0
0.11164131525606416
0.029264474592390774
0
0.01610116696198585
0
0
0
0
0
0.05249843602318874
0
0
0.06330136784638674
0.04122871439723567
0
0.4687150849302374
0
0
0.05256375109324406
0
0
0
0.06337963735681926
0
0.032282300419054916
0.01612193228720797
0
0.06330136784638674
0
0
0.2169273385998932
0.016142754737828346
0
0.03224066506858125
0.01612193228720797
0.01610116696198585
0.01612193228720797
0
0
0.38753943766646076
0
0
0.01612193228720797
0
0
0.1856598211340469
0
0
0.01610116696198585
0.01610116696198585
0
0.068672856647632
0.1292337748458849
0
0.1702313566187781
0
0.01612193228720797
0.01612193228720797
0
0.01644040502634352
0.04638810931235067
0.10467705956182585
0.02994995002612146
0
0.08552776717173144
0.01654956482796602
0.2201971433163779
0.0756493779002165
0.17472064990136182
0.016978857125135943
0.9041694884985791
0.044239223495003366
0
0
0
0
0
0
0
0
0
0
0
0
0
0
0.0470680725458207
0.018394924883312753
0
0.03331930439375089
0.018394924883312753
0
0.018760579169770017
0.018847175423086646
0
0
0
0
0
0.20915279325858707
0.036896004305291566
0.03684066826202624
0.018450187724181354
0.018422512113754966
0
0
0
0.018422512113754966
0
0.03331930439375089
0
0
0
0
0
0
0
0
0
0
0
0
0
0.20089150377198223
0.10603794764706055
0
0
0
0.018477952150066715
0.018477952150066715
0
0
0
0
0
0
0
0
0.018450187724181354
0
0
0.018477952150066715
0
0
0.018505805829786618
0.018505805829786618
0
0
0
0
0
0
0
0
0.20999380214839103
0.8705850473950405
0
0
0.033516808526218564
0
0
0
0
0
0
0
0
0
0.17532487692431759
0.1248642874396196
0
0.018760579169770017
0
0
0
0
0.01902295224422444
0
0
0.01902295224422444
0.01902295224422444
0.01902295224422444
0.038041212336940355
0.034437608733336754
0
0
0
0.14913843585177777
0.01905258908205301
0
0.01905258908205301
0
0.0344903607395326
0.0344903607395326
0.01908232458995245
0.01905258908205301
0
0.01908232458995245
0.01905258908205301
0
0.01905258908205301
0.01905258908205301
0.01905258908205301
0
0
0.01905258908205301
0.01905258908205301
0.01908232458995245
0.01905258908205301
0.01905258908205301
0
0
0.01908232458995245
0.03815992299653729
0
0.01908232458995245
0
0
0
0.06770255700501901
0
0.01908232458995245
0
0
0
0
0
0.019142093640827185
0
0
0
0
0
0
0.01920226348175855
0
0
0
0
0
0.08702012051869225
0
0
0
0
0.019293278800736422
0
0
0.019262838254641618
0.03852084597895998
0.24547023985745914
0.019262838254641618
0.019293278800736422
0
0.019262838254641618
0
0
0
0.03852084597895998
0.019262838254641618
0
0.019262838254641618
0
0
0.019262838254641618
0.034864538849161075
0.019262838254641618
0.019262838254641618
0
0
0
0.019293278800736422
0.019293278800736422
0.019293278800736422
0.019293278800736422
0.019323822159362687
0
0
0.019293278800736422
0.019293278800736422
0
0
0.03508229563068371
0.019385219454824913
0.019385219454824913
0
0
0
0
0
0
0.049460598686410506
0.3236245896970126
0
0
0.01941607447138618
0.01941607447138618
0.03882722879400306
0
0.039013567987817896
0.019509271554984574
0
0
0
0
0
0
0.01979468245373206
0
0
0.03586800868715982
0.03586800868715982
0.035925580783167384
0.01998996287876639
0
0.11414564415067158
0.22990453199575872
0.03712022063964433
0
0
0
0
0
0
0.23519338181924143
0
0.053907905965376854
0.021714277953537326
0.0709989466364099
0
0
0.03971453587483898
0.021952502374123904
0.3219156143873435
0
0.02199275054302413
0
0.12522619841307786
0
0
0
0
0
0
0
0.07878319195596281
0
0
0
0
0
0
0
0
0
0
0
0.04654888768624317
0.0264630355906853
0
0
0.02640328261551006
0
0.20350108685325663
0.053277801502700006
0.05339959964114558
0.04816006495679805
0.02695168960743062
0.027331060823813008
0.02726703998018657
0.02720333930837704
0.027331060823813008
0
0.07646589100565028
0.06889751874695943
0.027331060823813008
0.027331060823813008
0
0
0
0
0.02840104514569232
0
0
0
0
0
0.028682734942578683
0
0
0.057783483266927366
0
0
0
0.028897963373678046
0
0.029116681080153858
0.029489204286940827
0
0.029641090489636965
0.029641090489636965
0
0
0
0
0
0.02994995002612146
0
0.0537701586092738
0
0
0.030028246032793852
0.030028246032793852
0
0
0.030106981963144836
0
0
0
0
0
0.031087561676958704
0.05577057373575762
0
0
0
0
0.03142984171010389
0
0
0
0
0.031958698733103356
0
0
0
0
0
0
0
0
0
0
0
0
0
0
0
0
0
0
0
0
0
0
0
0
0
0
0
0
0
0
0
0
0
0
0
0
0
0
0
0
0
0
0
0
0
0
0
0
0
0
0
0
0
0
0
0
0
0
0
0
0
0
0
0
0
0
0
0
0
0
0
0
0
0
0
0
0
0
0
0
0
0
0
0
0
0
0
0
0
0
0
0
0
0
0
0
0
0
0
0
0
0
0
0
0
0
0
0
0
0
0
0
0
0
0
0
0
0
0
0
0
0
0
0
0
0
0
0
0
0
0
0
0
0
0
0
0
0
0
0
0
0
0
0
0
0
0
0
0
0
0
0
0
0
0
0
0
0
0
0
0
0
0
0
0
0
0
0
0
0
0
0
0
0
0
0
0
0
0
0
0
0
0
0
0
0
0
0
0
0
0
0
0
0
0
0
0
0
0
0
0
0
0
0
0
0
0
0
0
0
0
0
0
0
0
0
0
0
0
0
0
0
0
0
0
0
0
0
0
0
0
0
0
0
0
0
0
0
0
0
0
0
0
0
0
0
0
0
0
0
0
0
0
0
0
0
0
0
0
0
0
0
0
0
0
0
0
0
0
0
0
0
0
0
0
0.15097727137445124
0.40343635676428
0.0819156768359695
0.04128046811908642
0.041125624368577904
0
0.04256591576655208
0
0
0
0.046999447831427066
0
0.2634091848313595
0.050556933576743124
0
0
0.06155707966316687
0
0
0
0
0
0
0
0
0
0
0
0
0
0
0
0
0
0
0
0
0
0
0
0
0
0
0
0
0
0
0.061927388911559245
0
0
0
0.06634397526831169
0
0.07001205049536138
0
0.07201647168541384
0
0
0.15390412733042952
0.46025742959870297
0.29987934718593945
0.4073407454009861
0.4997633040743118
0.39045213081320695
1.584962500721156
0
0
0
0
0
0
0
0
0
0
0
0
0
0
0
0
1.0
0
1.0
1.0
0
1.0
1.0
1.0
0
1.0
0
1.0
1.0
0
0
1.0
0
0
1.0
1.0
0
0
0
0
1.0
0
1.0
0
1.0
0
0
0
0
0
0
0
0
0
0
0
0
0
0
0
0
0
0
0
0
1.0
0
0
1.0
0
1.0
1.0
0
0
0
0
1.0
0
0
1.0
1.0
0
0
0
0
0
